1;1;[0.51483715]
1;2;[0.7731429]
1;3;[0.98647726]
1;4;[1.1719208]
1;5;[1.3308735]
1;6;[1.4558362]
1;7;[1.5568616]
1;8;[1.6392154]
1;9;[1.7066727]
1;10;[1.7614948]
1;11;[1.8058314]
1;12;[1.8404121]
1;13;[1.8673805]
1;14;[1.8885305]
2;1;[0.5505703]
2;2;[0.76887184]
2;3;[0.9892826]
2;4;[1.1711963]
2;5;[1.3228147]
2;6;[1.4512761]
2;7;[1.5622401]
2;8;[1.6567112]
2;9;[1.7292749]
2;10;[1.7834032]
2;11;[1.8281645]
2;12;[1.8610281]
2;13;[1.8867332]
2;14;[1.9071606]
3;1;[0.5456172]
3;2;[0.70085746]
3;3;[0.8873392]
3;4;[1.0712876]
3;5;[1.2333024]
3;6;[1.3684268]
3;7;[1.4808121]
3;8;[1.5773791]
3;9;[1.6603392]
3;10;[1.7329053]
3;11;[1.7897485]
3;12;[1.8382448]
3;13;[1.873046]
3;14;[1.8993979]
4;1;[0.5055926]
4;2;[0.6232924]
4;3;[0.76516694]
4;4;[0.9233142]
4;5;[1.0834426]
4;6;[1.231338]
4;7;[1.3544607]
4;8;[1.4596031]
4;9;[1.5495546]
4;10;[1.6289028]
4;11;[1.6956694]
4;12;[1.7552346]
4;13;[1.8011143]
4;14;[1.8407383]
5;1;[0.4527484]
5;2;[0.54327494]
5;3;[0.65034646]
5;4;[0.77914083]
5;5;[0.9188176]
5;6;[1.0628332]
5;7;[1.2016538]
5;8;[1.3143414]
5;9;[1.4139782]
5;10;[1.5000923]
5;11;[1.5765078]
5;12;[1.645017]
5;13;[1.7017044]
5;14;[1.7531341]
6;1;[0.40026504]
6;2;[0.46923962]
6;3;[0.5566164]
6;4;[0.65412337]
6;5;[0.77070653]
6;6;[0.89746183]
6;7;[1.0294768]
6;8;[1.1578951]
6;9;[1.2652215]
6;10;[1.3587831]
6;11;[1.4436477]
6;12;[1.5180283]
6;13;[1.5854087]
6;14;[1.6442317]
7;1;[0.35327727]
7;2;[0.40705994]
7;3;[0.47575283]
7;4;[0.5562442]
7;5;[0.6471338]
7;6;[0.75291544]
7;7;[0.8706793]
7;8;[0.9929522]
7;9;[1.1118196]
7;10;[1.2161648]
7;11;[1.3042547]
7;12;[1.3867388]
7;13;[1.4602927]
7;14;[1.5218425]
8;1;[0.3130915]
8;2;[0.35536864]
8;3;[0.40811536]
8;4;[0.4754177]
8;5;[0.54986197]
8;6;[0.63404024]
8;7;[0.73228544]
8;8;[0.8431324]
8;9;[0.95754474]
8;10;[1.0678216]
8;11;[1.1712468]
8;12;[1.2534657]
8;13;[1.3324854]
8;14;[1.3991182]
9;1;[0.2801646]
9;2;[0.3127918]
9;3;[0.35294762]
9;4;[0.4087114]
9;5;[0.47149992]
9;6;[0.5409506]
9;7;[0.6197939]
9;8;[0.71236897]
9;9;[0.817076]
9;10;[0.92430764]
9;11;[1.027998]
9;12;[1.1286697]
9;13;[1.2094861]
9;14;[1.2782056]
10;1;[0.252643]
10;2;[0.27809152]
10;3;[0.3102509]
10;4;[0.35393983]
10;5;[0.4068131]
10;6;[0.4661629]
10;7;[0.5316473]
10;8;[0.60590905]
10;9;[0.694675]
10;10;[0.7931374]
10;11;[0.8947601]
10;12;[0.99284947]
10;13;[1.088431]
10;14;[1.1659737]
11;1;[0.22961922]
11;2;[0.25052208]
11;3;[0.27569905]
11;4;[0.3089055]
11;5;[0.35355115]
11;6;[0.4039456]
11;7;[0.46032277]
11;8;[0.52337897]
11;9;[0.5932942]
11;10;[0.6788568]
11;11;[0.77155674]
11;12;[0.8679839]
11;13;[0.9621758]
11;14;[1.0503654]
12;1;[0.21082263]
12;2;[0.22769934]
12;3;[0.24826197]
12;4;[0.2730874]
12;5;[0.3095723]
12;6;[0.35246298]
12;7;[0.4009429]
12;8;[0.45486122]
12;9;[0.51499885]
12;10;[0.5829389]
12;11;[0.664613]
12;12;[0.75265145]
12;13;[0.8445728]
12;14;[0.93519944]
13;1;[0.19523759]
13;2;[0.20876145]
13;3;[0.22569798]
13;4;[0.24607053]
13;5;[0.27346918]
13;6;[0.30972907]
13;7;[0.3512831]
13;8;[0.3982093]
13;9;[0.45022067]
13;10;[0.5078716]
13;11;[0.5744249]
13;12;[0.65211874]
13;13;[0.73613554]
13;14;[0.824189]
14;1;[0.18214048]
14;2;[0.19325282]
14;3;[0.20691834]
14;4;[0.2238117]
14;5;[0.24529316]
14;6;[0.27463195]
14;7;[0.30983296]
14;8;[0.35032937]
14;9;[0.3957649]
14;10;[0.4466683]
14;11;[0.50183487]
14;12;[0.567118]
14;13;[0.6413267]
14;14;[0.72184753]
15;1;[0.17102475]
15;2;[0.18024647]
15;3;[0.19123188]
15;4;[0.20530191]
15;5;[0.22272791]
15;6;[0.24606597]
15;7;[0.27577227]
15;8;[0.3101239]
15;9;[0.34974238]
15;10;[0.39433637]
15;11;[0.4432676]
15;12;[0.49798903]
15;13;[0.56098056]
15;14;[0.63202715]
16;1;[0.16155617]
16;2;[0.16927703]
16;3;[0.17845377]
16;4;[0.18977508]
16;5;[0.20445985]
16;6;[0.22324277]
16;7;[0.24782255]
16;8;[0.2770546]
16;9;[0.31070447]
16;10;[0.3499876]
16;11;[0.39343825]
16;12;[0.44017383]
16;13;[0.49482968]
16;14;[0.555875]
17;1;[0.15404639]
17;2;[0.15997939]
17;3;[0.16769662]
17;4;[0.17696367]
17;5;[0.18912947]
17;6;[0.20433752]
17;7;[0.22430648]
17;8;[0.24970046]
17;9;[0.27854446]
17;10;[0.31197724]
17;11;[0.35050508]
17;12;[0.393009]
17;13;[0.43794337]
17;14;[0.4922486]
18;1;[0.1481993]
18;2;[0.1520637]
18;3;[0.15859947]
18;4;[0.16645029]
18;5;[0.17617686]
18;6;[0.18921249]
18;7;[0.20570278]
18;8;[0.22652785]
18;9;[0.2517468]
18;10;[0.28058577]
18;11;[0.31363735]
18;12;[0.351338]
18;13;[0.39282426]
18;14;[0.43701974]
19;1;[0.14321567]
19;2;[0.14526042]
19;3;[0.15087529]
19;4;[0.15756859]
19;5;[0.16583987]
19;6;[0.17646274]
19;7;[0.18994626]
19;8;[0.2072734]
19;9;[0.22896427]
19;10;[0.2542526]
19;11;[0.28295675]
19;12;[0.31551573]
19;13;[0.3524386]
19;14;[0.3923557]
20;1;[0.1389568]
20;2;[0.13983798]
20;3;[0.14429393]
20;4;[0.15003791]
20;5;[0.15714774]
20;6;[0.16595389]
20;7;[0.17712091]
20;8;[0.19171579]
20;9;[0.20948918]
20;10;[0.23178658]
20;11;[0.257105]
20;12;[0.2854434]
20;13;[0.31755292]
20;14;[0.35373977]
21;1;[0.13541283]
21;2;[0.13588652]
21;3;[0.13866498]
21;4;[0.14363192]
21;5;[0.14978947]
21;6;[0.1574358]
21;7;[0.16641103]
21;8;[0.17843796]
21;9;[0.19366369]
21;10;[0.21252112]
21;11;[0.23495899]
21;12;[0.26004714]
21;13;[0.28799975]
21;14;[0.31961426]
22;1;[0.13304581]
22;2;[0.13319214]
22;3;[0.1341771]
22;4;[0.13816707]
22;5;[0.1435436]
22;6;[0.15022075]
22;7;[0.15800953]
22;8;[0.16751233]
22;9;[0.18050672]
22;10;[0.1959381]
22;11;[0.21590918]
22;12;[0.23819157]
22;13;[0.26303837]
22;14;[0.29057962]
23;1;[0.13106512]
23;2;[0.13110285]
23;3;[0.13150679]
23;4;[0.13439097]
23;5;[0.13869004]
23;6;[0.14409393]
23;7;[0.15090795]
23;8;[0.15882753]
23;9;[0.16919875]
23;10;[0.18284674]
23;11;[0.19944061]
23;12;[0.21933727]
23;13;[0.24144566]
23;14;[0.26603094]
24;1;[0.129408]
24;2;[0.12937547]
24;3;[0.12965426]
24;4;[0.13121758]
24;5;[0.13508885]
24;6;[0.13979381]
24;7;[0.14517222]
24;8;[0.15181004]
24;9;[0.15984342]
24;10;[0.17157118]
24;11;[0.18559739]
24;12;[0.20299354]
24;13;[0.22276892]
24;14;[0.24468444]
25;1;[0.128023]
25;2;[0.12794968]
25;3;[0.1281419]
25;4;[0.12860283]
25;5;[0.1320677]
25;6;[0.136279]
25;7;[0.14105338]
25;8;[0.14649685]
25;9;[0.15288381]
25;10;[0.16181631]
25;11;[0.17434642]
25;12;[0.18875653]
25;13;[0.20653827]
25;14;[0.22616902]
26;1;[0.12686713]
26;2;[0.12677568]
26;3;[0.12691121]
26;4;[0.12727043]
26;5;[0.12953155]
26;6;[0.1333299]
26;7;[0.13759771]
26;8;[0.14242555]
26;9;[0.14791672]
26;10;[0.15424792]
26;11;[0.16459014]
26;12;[0.17717437]
26;13;[0.19236553]
26;14;[0.21004161]
27;1;[0.12590457]
27;2;[0.1258124]
27;3;[0.12591477]
27;4;[0.12620288]
27;5;[0.12737831]
27;6;[0.13085388]
27;7;[0.13469566]
27;8;[0.13900457]
27;9;[0.1438696]
27;10;[0.14943163]
27;11;[0.15643272]
27;12;[0.16740811]
27;13;[0.18002124]
27;14;[0.19592744]
28;1;[0.12527686]
28;2;[0.12514842]
28;3;[0.12522614]
28;4;[0.12541692]
28;5;[0.12614931]
28;6;[0.12877464]
28;7;[0.13225716]
28;8;[0.13612728]
28;9;[0.14046222]
28;10;[0.14537321]
28;11;[0.15128611]
28;12;[0.15932743]
28;13;[0.17023943]
28;14;[0.18351704]
29;1;[0.12506448]
29;2;[0.124736]
29;3;[0.124781]
29;4;[0.12493618]
29;5;[0.12563151]
29;6;[0.12709433]
29;7;[0.13020226]
29;8;[0.13370614]
29;9;[0.1375913]
29;10;[0.14194915]
29;11;[0.14719608]
29;12;[0.15343252]
29;13;[0.16222277]
29;14;[0.1730546]
30;1;[0.12488259]
30;2;[0.12434825]
30;3;[0.12440042]
30;4;[0.12456954]
30;5;[0.12524652]
30;6;[0.12599161]
30;7;[0.12857431]
30;8;[0.13160516]
30;9;[0.13517062]
30;10;[0.13905855]
30;11;[0.14373441]
30;12;[0.14900455]
30;13;[0.15584877]
30;14;[0.16504776]
31;1;[0.1247277]
31;2;[0.12404932]
31;3;[0.12411623]
31;4;[0.12434126]
31;5;[0.12498415]
31;6;[0.12567303]
31;7;[0.12725906]
31;8;[0.13004427]
31;9;[0.13305268]
31;10;[0.13658476]
31;11;[0.14080147]
31;12;[0.14549594]
31;13;[0.15107673]
31;14;[0.15857746]
32;1;[0.12462783]
32;2;[0.12395349]
32;3;[0.12391278]
32;4;[0.12420204]
32;5;[0.12482244]
32;6;[0.12547125]
32;7;[0.12615438]
32;8;[0.12872775]
32;9;[0.13148208]
32;10;[0.13445875]
32;11;[0.13824414]
32;12;[0.14251319]
32;13;[0.14721528]
32;14;[0.15336655]
33;1;[0.12457408]
33;2;[0.12396882]
33;3;[0.12377669]
33;4;[0.1241363]
33;5;[0.12474373]
33;6;[0.12536477]
33;7;[0.12598884]
33;8;[0.12761998]
33;9;[0.1301547]
33;10;[0.13286985]
33;11;[0.13605164]
33;12;[0.13988839]
33;13;[0.14417733]
33;14;[0.1491987]
34;1;[0.12455815]
34;2;[0.12402119]
34;3;[0.12369648]
34;4;[0.12413065]
34;5;[0.12473315]
34;6;[0.12533715]
34;7;[0.1259286]
34;8;[0.12669072]
34;9;[0.12903549]
34;10;[0.13152364]
34;11;[0.13441668]
34;12;[0.1375996]
34;13;[0.14149646]
34;14;[0.14578108]
35;1;[0.12457348]
35;2;[0.12410322]
35;3;[0.12366268]
35;4;[0.12417462]
35;5;[0.12477845]
35;6;[0.12537333]
35;7;[0.12594317]
35;8;[0.12645738]
35;9;[0.12809445]
35;10;[0.13038553]
35;11;[0.13302633]
35;12;[0.13591823]
35;13;[0.13911194]
35;14;[0.14305788]
36;1;[0.12461424]
36;2;[0.12420937]
36;3;[0.12382823]
36;4;[0.12425889]
36;5;[0.12486881]
36;6;[0.12546173]
36;7;[0.1260193]
36;8;[0.12652932]
36;9;[0.127307]
36;10;[0.12942663]
36;11;[0.13184737]
36;12;[0.13448271]
36;13;[0.13734785]
36;14;[0.1406107]
37;1;[0.12467612]
37;2;[0.12433447]
37;3;[0.12406915]
37;4;[0.12437591]
37;5;[0.12499578]
37;6;[0.12559246]
37;7;[0.12614498]
37;8;[0.12663914]
37;9;[0.12700096]
37;10;[0.12862213]
37;11;[0.13085069]
37;12;[0.13326015]
37;13;[0.1358641]
37;14;[0.1387004]
38;1;[0.1247548]
38;2;[0.12447427]
38;3;[0.1243332]
38;4;[0.12451917]
38;5;[0.12515222]
38;6;[0.12575671]
38;7;[0.12631054]
38;8;[0.12679698]
38;9;[0.12717405]
38;10;[0.12795113]
38;11;[0.13001166]
38;12;[0.13222218]
38;13;[0.13459504]
38;14;[0.13716714]
39;1;[0.12484726]
39;2;[0.1246253]
39;3;[0.12460491]
39;4;[0.12472461]
39;5;[0.12533173]
39;6;[0.12594782]
39;7;[0.12650783]
39;8;[0.12699343]
39;9;[0.12738952]
39;10;[0.12758744]
39;11;[0.12930934]
39;12;[0.13134459]
39;13;[0.1335127]
39;14;[0.1358498]
40;1;[0.1249502]
40;2;[0.12478462]
40;3;[0.12488157]
40;4;[0.12504707]
40;5;[0.12552918]
40;6;[0.1261596]
40;7;[0.12673008]
40;8;[0.12722029]
40;9;[0.12761658]
40;10;[0.12783426]
40;11;[0.1287257]
40;12;[0.13060676]
40;13;[0.13259375]
40;14;[0.13472165]
41;1;[0.12506147]
41;2;[0.12494995]
41;3;[0.12516005]
41;4;[0.1253703]
41;5;[0.12574057]
41;6;[0.12638712]
41;7;[0.126971]
41;8;[0.12747063]
41;9;[0.12786998]
41;10;[0.12811396]
41;11;[0.12830931]
41;12;[0.12999073]
41;13;[0.13181765]
41;14;[0.13375933]
42;1;[0.12517911]
42;2;[0.12517978]
42;3;[0.12543905]
42;4;[0.12569222]
42;5;[0.12596178]
42;6;[0.12662645]
42;7;[0.12722635]
42;8;[0.12773897]
42;9;[0.12814656]
42;10;[0.12841897]
42;11;[0.12861092]
42;12;[0.12948063]
42;13;[0.13116643]
42;14;[0.1329427]
43;1;[0.12530138]
43;2;[0.12541728]
43;3;[0.12571633]
43;4;[0.12601084]
43;5;[0.12626709]
43;6;[0.12687378]
43;7;[0.12749171]
43;8;[0.12802015]
43;9;[0.12844026]
43;10;[0.12873946]
43;11;[0.12893872]
43;12;[0.12906311]
43;13;[0.13062464]
43;14;[0.13225436]
44;1;[0.1254268]
44;2;[0.12565377]
44;3;[0.12599055]
44;4;[0.12632488]
44;5;[0.12662332]
44;6;[0.12712635]
44;7;[0.1277638]
44;8;[0.12831041]
44;9;[0.12874645]
44;10;[0.12905744]
44;11;[0.12928614]
44;12;[0.12936935]
44;13;[0.1301788]
44;14;[0.13167876]
45;1;[0.12555422]
45;2;[0.12588792]
45;3;[0.12626086]
45;4;[0.12663326]
45;5;[0.12697226]
45;6;[0.12738188]
45;7;[0.1280394]
45;8;[0.12860614]
45;9;[0.1290608]
45;10;[0.1293876]
45;11;[0.1296479]
45;12;[0.12973645]
45;13;[0.12981637]
45;14;[0.13120268]
46;1;[0.12574238]
46;2;[0.12611933]
46;3;[0.12652636]
46;4;[0.1269349]
46;5;[0.12731273]
46;6;[0.12763779]
46;7;[0.12831648]
46;8;[0.12890464]
46;9;[0.12938]
46;10;[0.12972572]
46;11;[0.13001928]
46;12;[0.13011843]
46;13;[0.13007565]
46;14;[0.13081351]
47;1;[0.12593849]
47;2;[0.1263468]
47;3;[0.12678632]
47;4;[0.1272292]
47;5;[0.12764414]
47;6;[0.12799864]
47;7;[0.12859294]
47;8;[0.12920326]
47;9;[0.12970117]
47;10;[0.13006869]
47;11;[0.13039248]
47;12;[0.1305104]
47;13;[0.13047738]
47;14;[0.13050073]
48;1;[0.12613197]
48;2;[0.12656973]
48;3;[0.12704015]
48;4;[0.12751567]
48;5;[0.127966]
48;6;[0.12835918]
48;7;[0.12886713]
48;8;[0.12950023]
48;9;[0.1300218]
48;10;[0.13041693]
48;11;[0.1307558]
48;12;[0.13090843]
48;13;[0.13089009]
48;14;[0.13072309]
49;1;[0.12632239]
49;2;[0.12678805]
49;3;[0.12728731]
49;4;[0.12779358]
49;5;[0.12827772]
49;6;[0.12870818]
49;7;[0.12913753]
49;8;[0.12979394]
49;9;[0.13033994]
49;10;[0.13076419]
49;11;[0.1311208]
49;12;[0.13130887]
49;13;[0.13130933]
49;14;[0.1311562]
50;1;[0.1265093]
50;2;[0.12700106]
50;3;[0.12752753]
50;4;[0.1280632]
50;5;[0.12857917]
50;6;[0.12904517]
50;7;[0.1294294]
50;8;[0.13008271]
50;9;[0.13065363]
50;10;[0.13110833]
50;11;[0.13148504]
50;12;[0.13170917]
50;13;[0.1317317]
50;14;[0.13159692]
51;1;[0.12669213]
51;2;[0.12720875]
51;3;[0.12776087]
51;4;[0.12832394]
51;5;[0.12887007]
51;6;[0.1293698]
51;7;[0.12979218]
51;8;[0.13036563]
51;9;[0.13096179]
51;10;[0.13144779]
51;11;[0.13184604]
51;12;[0.1321061]
51;13;[0.13215375]
51;14;[0.13205153]
52;1;[0.12687102]
52;2;[0.12741056]
52;3;[0.12798679]
52;4;[0.12857576]
52;5;[0.12915066]
52;6;[0.1296823]
52;7;[0.13014086]
52;8;[0.13064185]
52;9;[0.1312631]
52;10;[0.1317811]
52;11;[0.13220228]
52;12;[0.13248496]
52;13;[0.13257328]
52;14;[0.13250676]
53;1;[0.1270455]
53;2;[0.12760669]
53;3;[0.12820527]
53;4;[0.12881863]
53;5;[0.12942052]
53;6;[0.12998264]
53;7;[0.13047577]
53;8;[0.13091072]
53;9;[0.13155687]
53;10;[0.13210706]
53;11;[0.13255167]
53;12;[0.13285887]
53;13;[0.1329876]
53;14;[0.13295941]
54;1;[0.12721603]
54;2;[0.12779684]
54;3;[0.12841651]
54;4;[0.12905267]
54;5;[0.12967978]
54;6;[0.13027076]
54;7;[0.13079663]
54;8;[0.13122842]
54;9;[0.13184236]
54;10;[0.13242455]
54;11;[0.13289344]
54;12;[0.13322629]
54;13;[0.13340493]
54;14;[0.13340701]
55;1;[0.12741962]
55;2;[0.12800556]
55;3;[0.12862879]
55;4;[0.12927769]
55;5;[0.1299288]
55;6;[0.13054676]
55;7;[0.13110389]
55;8;[0.13157137]
55;9;[0.13211942]
55;10;[0.13273291]
55;11;[0.13322619]
55;12;[0.1335855]
55;13;[0.13381457]
55;14;[0.13384771]
56;1;[0.12761705]
56;2;[0.12821753]
56;3;[0.12885621]
56;4;[0.12951474]
56;5;[0.13017172]
56;6;[0.13081108]
56;7;[0.1313977]
56;8;[0.1318991]
56;9;[0.13239612]
56;10;[0.13303174]
56;11;[0.1335495]
56;12;[0.13393547]
56;13;[0.13420835]
56;14;[0.1342794]
57;1;[0.12780811]
57;2;[0.12842233]
57;3;[0.12907533]
57;4;[0.12974955]
57;5;[0.13042457]
57;6;[0.13107754]
57;7;[0.1316841]
57;8;[0.13221936]
57;9;[0.1326633]
57;10;[0.13332023]
57;11;[0.13386254]
57;12;[0.13428456]
57;13;[0.13458735]
57;14;[0.13470128]
58;1;[0.12799299]
58;2;[0.12861976]
58;3;[0.12928593]
58;4;[0.12997496]
58;5;[0.13066663]
58;6;[0.1313392]
58;7;[0.13196899]
58;8;[0.13253133]
58;9;[0.13300204]
58;10;[0.13359849]
58;11;[0.13416496]
58;12;[0.13462436]
58;13;[0.13495556]
58;14;[0.13511151]
59;1;[0.12817174]
59;2;[0.12881]
59;3;[0.12948842]
59;4;[0.13019094]
59;5;[0.13089828]
59;6;[0.1315892]
59;7;[0.13224067]
59;8;[0.13282873]
59;9;[0.13332953]
59;10;[0.13386609]
59;11;[0.13445611]
59;12;[0.13495225]
59;13;[0.13531218]
59;14;[0.13550964]
60;1;[0.12834457]
60;2;[0.12899338]
60;3;[0.1296829]
60;4;[0.13039759]
60;5;[0.13111968]
60;6;[0.13182768]
60;7;[0.13249965]
60;8;[0.13311204]
60;9;[0.13364133]
60;10;[0.13412295]
60;11;[0.13474096]
60;12;[0.13526833]
60;13;[0.13565682]
60;14;[0.13589473]
61;1;[0.12851144]
61;2;[0.1291698]
61;3;[0.12986958]
61;4;[0.13059577]
61;5;[0.13133083]
61;6;[0.13205527]
61;7;[0.1327463]
61;8;[0.1333815]
61;9;[0.13393801]
61;10;[0.13439362]
61;11;[0.13501951]
61;12;[0.1355723]
61;13;[0.13598914]
61;14;[0.13625978]
62;1;[0.12867254]
62;2;[0.12933953]
62;3;[0.13004847]
62;4;[0.13078515]
62;5;[0.13153276]
62;6;[0.13227166]
62;7;[0.1329808]
62;8;[0.13363776]
62;9;[0.13421994]
62;10;[0.13470569]
62;11;[0.13528627]
62;12;[0.1358636]
62;13;[0.13630848]
62;14;[0.13661002]
63;1;[0.12882799]
63;2;[0.1295028]
63;3;[0.13022009]
63;4;[0.13096611]
63;5;[0.13172492]
63;6;[0.13247773]
63;7;[0.13320369]
63;8;[0.13388097]
63;9;[0.13448764]
63;10;[0.13500205]
63;11;[0.13554116]
63;12;[0.13614278]
63;13;[0.13661496]
63;14;[0.13694698]
64;1;[0.1289779]
64;2;[0.12965965]
64;3;[0.13038425]
64;4;[0.1311389]
64;5;[0.13190809]
64;6;[0.13267346]
64;7;[0.13341527]
64;8;[0.13411166]
64;9;[0.13474144]
64;10;[0.13528556]
64;11;[0.1357845]
64;12;[0.13640952]
64;13;[0.13690844]
64;14;[0.13727042]
65;1;[0.12912211]
65;2;[0.12981023]
65;3;[0.13054155]
65;4;[0.13130388]
65;5;[0.13208239]
65;6;[0.13285945]
65;7;[0.13361572]
65;8;[0.13433024]
65;9;[0.13498165]
65;10;[0.13556032]
65;11;[0.13606465]
65;12;[0.13666402]
65;13;[0.13718888]
65;14;[0.13758035]
66;1;[0.12926106]
66;2;[0.12995476]
66;3;[0.13069177]
66;4;[0.13146108]
66;5;[0.13224809]
66;6;[0.133036]
66;7;[0.13380577]
66;8;[0.13453706]
66;9;[0.13520895]
66;10;[0.1358206]
66;11;[0.13635375]
66;12;[0.13690658]
66;13;[0.13745642]
66;14;[0.13787644]
67;1;[0.12939522]
67;2;[0.13009343]
67;3;[0.1308356]
67;4;[0.13161083]
67;5;[0.13240549]
67;6;[0.1332033]
67;7;[0.1339856]
67;8;[0.13473256]
67;9;[0.13542396]
67;10;[0.13606648]
67;11;[0.13662706]
67;12;[0.13713725]
67;13;[0.13771133]
67;14;[0.13815908]
68;1;[0.12952417]
68;2;[0.1302263]
68;3;[0.13097288]
68;4;[0.13175334]
68;5;[0.13255486]
68;6;[0.13336161]
68;7;[0.13415538]
68;8;[0.13491726]
68;9;[0.13562669]
68;10;[0.13629895]
68;11;[0.13688554]
68;12;[0.13735844]
68;13;[0.13795374]
68;14;[0.1384283]
69;1;[0.12964812]
69;2;[0.1303537]
69;3;[0.131104]
69;4;[0.13188899]
69;5;[0.13269643]
69;6;[0.13351113]
69;7;[0.13431591]
69;8;[0.13509123]
69;9;[0.13581787]
69;10;[0.13651806]
69;11;[0.13712955]
69;12;[0.13763154]
69;13;[0.13818397]
69;14;[0.13868438]
70;1;[0.12976743]
70;2;[0.13047571]
70;3;[0.13122895]
70;4;[0.13201785]
70;5;[0.13283047]
70;6;[0.13365261]
70;7;[0.13446696]
70;8;[0.13525525]
70;9;[0.13600066]
70;10;[0.13672449]
70;11;[0.1373596]
70;12;[0.13788915]
70;13;[0.13840207]
70;14;[0.13892742]
71;1;[0.1298821]
71;2;[0.13059251]
71;3;[0.13134804]
71;4;[0.13214017]
71;5;[0.13295737]
71;6;[0.13378572]
71;7;[0.1346091]
71;8;[0.13540919]
71;9;[0.13617627]
71;10;[0.1369188]
71;11;[0.13757628]
71;12;[0.13813214]
71;13;[0.13860838]
71;14;[0.13915774]
72;1;[0.12999228]
72;2;[0.13070415]
72;3;[0.13146159]
72;4;[0.13225608]
72;5;[0.13307709]
72;6;[0.13391137]
72;7;[0.13474292]
72;8;[0.13555396]
72;9;[0.13634107]
72;10;[0.13710141]
72;11;[0.13778019]
72;12;[0.13836104]
72;13;[0.13882926]
72;14;[0.13937591]
73;1;[0.13009813]
73;2;[0.13081105]
73;3;[0.13156952]
73;4;[0.13236594]
73;5;[0.13319041]
73;6;[0.13402964]
73;7;[0.13486843]
73;8;[0.13568951]
73;9;[0.13649572]
73;10;[0.13727266]
73;11;[0.13797149]
73;12;[0.13857612]
73;13;[0.13907212]
73;14;[0.13958198]
74;1;[0.1301997]
74;2;[0.13091303]
74;3;[0.13167228]
74;4;[0.13247019]
74;5;[0.13329695]
74;6;[0.13414048]
74;7;[0.13498601]
74;8;[0.13581643]
74;9;[0.13664047]
74;10;[0.13743308]
74;11;[0.138151]
74;12;[0.13877828]
74;13;[0.1393006]
74;14;[0.13977619]
75;1;[0.13029717]
75;2;[0.13101058]
75;3;[0.13176988]
75;4;[0.1325685]
75;5;[0.1333974]
75;6;[0.13424458]
75;7;[0.13509592]
75;8;[0.13593481]
75;9;[0.13677579]
75;10;[0.13758305]
75;11;[0.13831906]
75;12;[0.13896777]
75;13;[0.13951515]
75;14;[0.13995934]
76;1;[0.1303908]
76;2;[0.13110359]
76;3;[0.13186261]
76;4;[0.13266125]
76;5;[0.13349159]
76;6;[0.13434204]
76;7;[0.1351985]
76;8;[0.13604511]
76;9;[0.1369017]
76;10;[0.137723]
76;11;[0.1384761]
76;12;[0.1391454]
76;13;[0.13971643]
76;14;[0.14017811]
77;1;[0.13048045]
77;2;[0.13119236]
77;3;[0.13195048]
77;4;[0.13274904]
77;5;[0.13358015]
77;6;[0.13443291]
77;7;[0.13529406]
77;8;[0.1361478]
77;9;[0.13701898]
77;10;[0.13785328]
77;11;[0.13862273]
77;12;[0.13931137]
77;13;[0.13990529]
77;14;[0.14039285]
78;1;[0.13056645]
78;2;[0.13127704]
78;3;[0.13203384]
78;4;[0.1328318]
78;5;[0.13366318]
78;6;[0.13451786]
78;7;[0.13538277]
78;8;[0.13624297]
78;9;[0.13712767]
78;10;[0.13797435]
78;11;[0.13875912]
78;12;[0.13946608]
78;13;[0.1400816]
78;14;[0.14059436]
79;1;[0.13064884]
79;2;[0.1313576]
79;3;[0.13211268]
79;4;[0.13290948]
79;5;[0.13374084]
79;6;[0.1345968]
79;7;[0.13546519]
79;8;[0.136331]
79;9;[0.13722841]
79;10;[0.13808663]
79;11;[0.1388858]
79;12;[0.13961032]
79;13;[0.14024651]
79;14;[0.14078297]
80;1;[0.13072762]
80;2;[0.13143429]
80;3;[0.13218741]
80;4;[0.13298243]
80;5;[0.13381313]
80;6;[0.13467011]
80;7;[0.13554126]
80;8;[0.13641375]
80;9;[0.13732134]
80;10;[0.13819025]
80;11;[0.13900322]
80;12;[0.1397443]
80;13;[0.14040011]
80;14;[0.14095922]
81;1;[0.13080317]
81;2;[0.13150732]
81;3;[0.13225782]
81;4;[0.13305101]
81;5;[0.13388073]
81;6;[0.13473785]
81;7;[0.13561136]
81;8;[0.13649179]
81;9;[0.13740663]
81;10;[0.13828559]
81;11;[0.13911168]
81;12;[0.13986851]
81;13;[0.14054288]
81;14;[0.14112364]
82;1;[0.13087538]
82;2;[0.13157675]
82;3;[0.13232441]
82;4;[0.13311519]
82;5;[0.13394341]
82;6;[0.13480057]
82;7;[0.13567549]
82;8;[0.13656332]
82;9;[0.13748483]
82;10;[0.13837336]
82;11;[0.13921152]
82;12;[0.13998336]
82;13;[0.14067556]
82;14;[0.14127667]
83;1;[0.1309444]
83;2;[0.13164267]
83;3;[0.13238718]
83;4;[0.13317533]
83;5;[0.13400158]
83;6;[0.1348581]
83;7;[0.13573433]
83;8;[0.13662852]
83;9;[0.13755608]
83;10;[0.13845338]
83;11;[0.13930313]
83;12;[0.14008929]
83;13;[0.14079836]
83;14;[0.1414192]
84;1;[0.13101041]
84;2;[0.13170508]
84;3;[0.13244626]
84;4;[0.13323124]
84;5;[0.13405508]
84;6;[0.1349108]
84;7;[0.13578774]
84;8;[0.1366878]
84;9;[0.13762075]
84;10;[0.13852614]
84;11;[0.13938682]
84;12;[0.14018661]
84;13;[0.14091174]
84;14;[0.14155121]
85;1;[0.13107347]
85;2;[0.13176443]
85;3;[0.13250183]
85;4;[0.13328339]
85;5;[0.13410471]
85;6;[0.13495895]
85;7;[0.13583612]
85;8;[0.13674124]
85;9;[0.13767917]
85;10;[0.138592]
85;11;[0.13946281]
85;12;[0.14027552]
85;13;[0.14101608]
85;14;[0.14167343]
86;1;[0.13113353]
86;2;[0.13182066]
86;3;[0.13255398]
86;4;[0.1333319]
86;5;[0.13415013]
86;6;[0.13500258]
86;7;[0.13587968]
86;8;[0.13678902]
86;9;[0.13773127]
86;10;[0.13865118]
86;11;[0.13953169]
86;12;[0.14035654]
86;13;[0.14111179]
86;14;[0.1417861]
87;1;[0.131191]
87;2;[0.13187379]
87;3;[0.13260284]
87;4;[0.13337658]
87;5;[0.13419192]
87;6;[0.13504201]
87;7;[0.13591845]
87;8;[0.1368315]
87;9;[0.13777752]
87;10;[0.138704]
87;11;[0.13959353]
87;12;[0.14042993]
87;13;[0.14119923]
87;14;[0.14188994]
88;1;[0.13124573]
88;2;[0.13192399]
88;3;[0.13264866]
88;4;[0.13341817]
88;5;[0.13422969]
88;6;[0.1350775]
88;7;[0.13595298]
88;8;[0.13686898]
88;9;[0.13781838]
88;10;[0.13875067]
88;11;[0.13964875]
88;12;[0.14049618]
88;13;[0.14127874]
88;14;[0.14198509]
89;1;[0.13129792]
89;2;[0.13197155]
89;3;[0.13269123]
89;4;[0.13345644]
89;5;[0.13426402]
89;6;[0.13510881]
89;7;[0.13598308]
89;8;[0.13690135]
89;9;[0.13785377]
89;10;[0.1387914]
89;11;[0.13969742]
89;12;[0.14055526]
89;13;[0.14135063]
89;14;[0.14207178]
90;1;[0.13134752]
90;2;[0.13201632]
90;3;[0.132731]
90;4;[0.13349144]
90;5;[0.13429506]
90;6;[0.13513675]
90;7;[0.13600908]
90;8;[0.13692924]
90;9;[0.13788398]
90;10;[0.13882653]
90;11;[0.13974011]
90;12;[0.14060776]
90;13;[0.14141518]
90;14;[0.14215054]
91;1;[0.13139482]
91;2;[0.13205843]
91;3;[0.13276812]
91;4;[0.13352352]
91;5;[0.1343227]
91;6;[0.13516085]
91;7;[0.13603126]
91;8;[0.13695264]
91;9;[0.13790934]
91;10;[0.13885646]
91;11;[0.13977674]
91;12;[0.1406537]
91;13;[0.14147288]
91;14;[0.14222182]
92;1;[0.13143979]
92;2;[0.1320982]
92;3;[0.1328024]
92;4;[0.1335526]
92;5;[0.13434707]
92;6;[0.13518171]
92;7;[0.13604943]
92;8;[0.1369716]
92;9;[0.13792989]
92;10;[0.13888091]
92;11;[0.13980769]
92;12;[0.1406937]
92;13;[0.1415238]
92;14;[0.14228594]
93;1;[0.13148238]
93;2;[0.13213554]
93;3;[0.13283424]
93;4;[0.13357909]
93;5;[0.13436873]
93;6;[0.1351992]
93;7;[0.13606434]
93;8;[0.13698652]
93;9;[0.1379459]
93;10;[0.13890055]
93;11;[0.13983332]
93;12;[0.14072762]
93;13;[0.14156833]
93;14;[0.14234288]
94;1;[0.13152294]
94;2;[0.1321704]
94;3;[0.13286355]
94;4;[0.13360281]
94;5;[0.13438739]
94;6;[0.1352136]
94;7;[0.13607569]
94;8;[0.13699746]
94;9;[0.13795781]
94;10;[0.13891546]
94;11;[0.13985373]
94;12;[0.14075592]
94;13;[0.14160678]
94;14;[0.14239337]
95;1;[0.13156132]
95;2;[0.13220319]
95;3;[0.1328905]
95;4;[0.13362397]
95;5;[0.13440327]
95;6;[0.13522498]
95;7;[0.13608378]
95;8;[0.13700475]
95;9;[0.13796538]
95;10;[0.13892579]
95;11;[0.13986908]
95;12;[0.1407787]
95;13;[0.14163919]
95;14;[0.14243738]
96;1;[0.13159777]
96;2;[0.13223386]
96;3;[0.13291517]
96;4;[0.13364284]
96;5;[0.13441665]
96;6;[0.13523376]
96;7;[0.13608895]
96;8;[0.13700838]
96;9;[0.13796914]
96;10;[0.13893162]
96;11;[0.1398797]
96;12;[0.14079641]
96;13;[0.14166588]
96;14;[0.14247535]
97;1;[0.13163213]
97;2;[0.13226235]
97;3;[0.1329375]
97;4;[0.13365921]
97;5;[0.13442743]
97;6;[0.13523966]
97;7;[0.13609095]
97;8;[0.13700865]
97;9;[0.13796897]
97;10;[0.13893351]
97;11;[0.13988563]
97;12;[0.14080895]
97;13;[0.14168727]
97;14;[0.14250739]
98;1;[0.13166471]
98;2;[0.13228878]
98;3;[0.13295798]
98;4;[0.13367355]
98;5;[0.13443576]
98;6;[0.13524304]
98;7;[0.13609028]
98;8;[0.13700563]
98;9;[0.13796516]
98;10;[0.1389312]
98;11;[0.1398873]
98;12;[0.14081681]
98;13;[0.14170343]
98;14;[0.14253373]
99;1;[0.13169545]
99;2;[0.13231342]
99;3;[0.13297626]
99;4;[0.13368578]
99;5;[0.13444205]
99;6;[0.13524383]
99;7;[0.1360869]
99;8;[0.13699956]
99;9;[0.1379582]
99;10;[0.13892528]
99;11;[0.1398847]
99;12;[0.14082004]
99;13;[0.14171466]
99;14;[0.14255467]
100;1;[0.13172443]
100;2;[0.13233636]
100;3;[0.1329927]
100;4;[0.13369566]
100;5;[0.13444605]
100;6;[0.1352425]
100;7;[0.13608074]
100;8;[0.13699052]
100;9;[0.13794777]
100;10;[0.13891555]
100;11;[0.13987815]
100;12;[0.14081882]
100;13;[0.14172097]
100;14;[0.14257066]
101;1;[0.13175175]
101;2;[0.13235742]
101;3;[0.13300723]
101;4;[0.13370387]
101;5;[0.13444793]
101;6;[0.13523875]
101;7;[0.1360724]
101;8;[0.1369786]
101;9;[0.1379342]
101;10;[0.13890237]
101;11;[0.13986775]
101;12;[0.1408133]
101;13;[0.14172259]
101;14;[0.1425814]
102;1;[0.13177736]
102;2;[0.13237673]
102;3;[0.13302016]
102;4;[0.13371016]
102;5;[0.1344479]
102;6;[0.13523273]
102;7;[0.13606162]
102;8;[0.13696401]
102;9;[0.1379176]
102;10;[0.1388859]
102;11;[0.13985349]
102;12;[0.14080377]
102;13;[0.14171995]
102;14;[0.1425874]
103;1;[0.13180143]
103;2;[0.13239428]
103;3;[0.13303125]
103;4;[0.13371465]
103;5;[0.13444607]
103;6;[0.1352249]
103;7;[0.13604863]
103;8;[0.13694684]
103;9;[0.13789827]
103;10;[0.1388663]
103;11;[0.13983588]
103;12;[0.14079033]
103;13;[0.1417131]
103;14;[0.142589]
104;1;[0.13182397]
104;2;[0.13241057]
104;3;[0.13304068]
104;4;[0.1337175]
104;5;[0.13444246]
104;6;[0.1352153]
104;7;[0.1360336]
104;8;[0.13692713]
104;9;[0.13787605]
104;10;[0.1388436]
104;11;[0.13981475]
104;12;[0.14077333]
104;13;[0.14170209]
104;14;[0.14258596]
105;1;[0.13184504]
105;2;[0.1324252]
105;3;[0.13304874]
105;4;[0.13371877]
105;5;[0.13443696]
105;6;[0.13520361]
105;7;[0.13601665]
105;8;[0.13690531]
105;9;[0.13785142]
105;10;[0.13881806]
105;11;[0.13979064]
105;12;[0.1407526]
105;13;[0.14168729]
105;14;[0.14257878]
106;1;[0.13186468]
106;2;[0.13243836]
106;3;[0.13305521]
106;4;[0.13371833]
106;5;[0.13442993]
106;6;[0.13519025]
106;7;[0.13599764]
106;8;[0.13688128]
106;9;[0.13782424]
106;10;[0.1387898]
106;11;[0.13976337]
106;12;[0.1407285]
106;13;[0.14166856]
106;14;[0.14256763]
107;1;[0.13188308]
107;2;[0.13245018]
107;3;[0.13306022]
107;4;[0.13371657]
107;5;[0.13442154]
107;6;[0.1351755]
107;7;[0.1359769]
107;8;[0.13685513]
107;9;[0.13779472]
107;10;[0.13875882]
107;11;[0.1397331]
107;12;[0.14070114]
107;13;[0.14164633]
107;14;[0.14255251]
108;1;[0.13190007]
108;2;[0.1324607]
108;3;[0.133064]
108;4;[0.13371342]
108;5;[0.13441154]
108;6;[0.13515885]
108;7;[0.1359547]
108;8;[0.13682699]
108;9;[0.13776304]
108;10;[0.13872547]
108;11;[0.13969997]
108;12;[0.14067066]
108;13;[0.14162052]
108;14;[0.1425336]
109;1;[0.13191573]
109;2;[0.13246983]
109;3;[0.13306631]
109;4;[0.13370888]
109;5;[0.13440007]
109;6;[0.13514079]
109;7;[0.13593064]
109;8;[0.13679692]
109;9;[0.13772935]
109;10;[0.13868968]
109;11;[0.13966423]
109;12;[0.14063719]
109;13;[0.14159149]
109;14;[0.14251103]
110;1;[0.13193019]
110;2;[0.1324778]
110;3;[0.1330676]
110;4;[0.13370305]
110;5;[0.13438736]
110;6;[0.13512157]
110;7;[0.13590515]
110;8;[0.13676514]
110;9;[0.13769345]
110;10;[0.13865145]
110;11;[0.13962592]
110;12;[0.1406008]
110;13;[0.14155929]
110;14;[0.14248498]
111;1;[0.13194361]
111;2;[0.13248459]
111;3;[0.13306756]
111;4;[0.13369611]
111;5;[0.13437328]
111;6;[0.13510096]
111;7;[0.13587828]
111;8;[0.13673156]
111;9;[0.13765582]
111;10;[0.13861142]
111;11;[0.13958526]
111;12;[0.14056174]
111;13;[0.14152405]
111;14;[0.14245561]
112;1;[0.13195582]
112;2;[0.13249032]
112;3;[0.1330663]
112;4;[0.13368794]
112;5;[0.13435821]
112;6;[0.13507903]
112;7;[0.13585004]
112;8;[0.13669658]
112;9;[0.13761646]
112;10;[0.1385692]
112;11;[0.13954227]
112;12;[0.14052007]
112;13;[0.14148596]
112;14;[0.14242308]
113;1;[0.13196684]
113;2;[0.13249487]
113;3;[0.133064]
113;4;[0.13367878]
113;5;[0.13434203]
113;6;[0.13505599]
113;7;[0.13582055]
113;8;[0.13666016]
113;9;[0.13757536]
113;10;[0.13852501]
113;11;[0.13949697]
113;12;[0.14047575]
113;13;[0.14144488]
113;14;[0.14238751]
114;1;[0.13197686]
114;2;[0.13249831]
114;3;[0.1330607]
114;4;[0.13366841]
114;5;[0.13432464]
114;6;[0.13503174]
114;7;[0.1357898]
114;8;[0.13662218]
114;9;[0.1375326]
114;10;[0.13847911]
114;11;[0.13944969]
114;12;[0.14042935]
114;13;[0.14140134]
114;14;[0.14234883]
115;1;[0.13198587]
115;2;[0.13250083]
115;3;[0.13305655]
115;4;[0.13365725]
115;5;[0.13430634]
115;6;[0.13500649]
115;7;[0.13575803]
115;8;[0.13658297]
115;9;[0.13748842]
115;10;[0.1384314]
115;11;[0.13940047]
115;12;[0.14038041]
115;13;[0.14135511]
115;14;[0.14230749]
116;1;[0.13199387]
116;2;[0.13250247]
116;3;[0.13305134]
116;4;[0.13364503]
116;5;[0.13428722]
116;6;[0.13498014]
116;7;[0.13572517]
116;8;[0.1365426]
116;9;[0.13744289]
116;10;[0.13838236]
116;11;[0.13934922]
116;12;[0.14032945]
116;13;[0.14130637]
116;14;[0.1422632]
117;1;[0.13200107]
117;2;[0.1325031]
117;3;[0.13304523]
117;4;[0.13363199]
117;5;[0.13426694]
117;6;[0.13495311]
117;7;[0.13569137]
117;8;[0.13650094]
117;9;[0.13739584]
117;10;[0.13833153]
117;11;[0.13929643]
117;12;[0.1402764]
117;13;[0.14125542]
117;14;[0.14221638]
118;1;[0.1320074]
118;2;[0.13250288]
118;3;[0.13303828]
118;4;[0.13361801]
118;5;[0.13424613]
118;6;[0.13492513]
118;7;[0.1356567]
118;8;[0.13645816]
118;9;[0.13734795]
118;10;[0.13827917]
118;11;[0.13924173]
118;12;[0.14022145]
118;13;[0.14120223]
118;14;[0.14216705]
119;1;[0.13201319]
119;2;[0.13250177]
119;3;[0.1330305]
119;4;[0.13360323]
119;5;[0.13422431]
119;6;[0.13489625]
119;7;[0.13562101]
119;8;[0.13641442]
119;9;[0.13729855]
119;10;[0.13822563]
119;11;[0.1391856]
119;12;[0.14016445]
119;13;[0.14114681]
119;14;[0.1421153]
120;1;[0.13201797]
120;2;[0.13249986]
120;3;[0.13302189]
120;4;[0.13358785]
120;5;[0.13420185]
120;6;[0.13486688]
120;7;[0.13558461]
120;8;[0.13636975]
120;9;[0.13724826]
120;10;[0.1381709]
120;11;[0.1391278]
120;12;[0.1401059]
120;13;[0.14108941]
120;14;[0.14206143]
121;1;[0.132022]
121;2;[0.13249722]
121;3;[0.13301253]
121;4;[0.13357167]
121;5;[0.13417841]
121;6;[0.13483651]
121;7;[0.13554753]
121;8;[0.1363243]
121;9;[0.13719676]
121;10;[0.13811487]
121;11;[0.13906886]
121;12;[0.14004564]
121;13;[0.1410301]
121;14;[0.14200503]
122;1;[0.13202539]
122;2;[0.13249381]
122;3;[0.13300267]
122;4;[0.13355486]
122;5;[0.13415474]
122;6;[0.13480565]
122;7;[0.13550965]
122;8;[0.13627797]
122;9;[0.1371446]
122;10;[0.13805777]
122;11;[0.13900846]
122;12;[0.13998382]
122;13;[0.14096895]
122;14;[0.14194661]
123;1;[0.13202792]
123;2;[0.13248976]
123;3;[0.13299195]
123;4;[0.13353737]
123;5;[0.13413022]
123;6;[0.13477403]
123;7;[0.13547124]
123;8;[0.13623098]
123;9;[0.13709131]
123;10;[0.13799974]
123;11;[0.13894677]
123;12;[0.13992043]
123;13;[0.14090596]
123;14;[0.14188619]
124;1;[0.13202964]
124;2;[0.13248535]
124;3;[0.13298061]
124;4;[0.13351935]
124;5;[0.13410524]
124;6;[0.13474205]
124;7;[0.1354321]
124;8;[0.1361831]
124;9;[0.13703732]
124;10;[0.13794054]
124;11;[0.13888396]
124;12;[0.13985577]
124;13;[0.14084138]
124;14;[0.14182386]
125;1;[0.13203083]
125;2;[0.13248026]
125;3;[0.13296874]
125;4;[0.13350065]
125;5;[0.1340797]
125;6;[0.13470945]
125;7;[0.13539255]
125;8;[0.13613465]
125;9;[0.13698266]
125;10;[0.13788047]
125;11;[0.13882023]
125;12;[0.13978975]
125;13;[0.14077517]
125;14;[0.14175968]
126;1;[0.13203125]
126;2;[0.13247465]
126;3;[0.1329563]
126;4;[0.13348162]
126;5;[0.13405368]
126;6;[0.13467629]
126;7;[0.1353526]
126;8;[0.13608558]
126;9;[0.13692726]
126;10;[0.13781975]
126;11;[0.13875504]
126;12;[0.13972254]
126;13;[0.14070736]
126;14;[0.14169358]
127;1;[0.13203108]
127;2;[0.13246842]
127;3;[0.13294323]
127;4;[0.13346182]
127;5;[0.13402697]
127;6;[0.13464275]
127;7;[0.13531187]
127;8;[0.13603607]
127;9;[0.13687122]
127;10;[0.1377582]
127;11;[0.13868934]
127;12;[0.13965409]
127;13;[0.14063825]
127;14;[0.14162599]
128;1;[0.13203032]
128;2;[0.13246173]
128;3;[0.13292974]
128;4;[0.13344187]
128;5;[0.13400003]
128;6;[0.13460895]
128;7;[0.13527106]
128;8;[0.1359883]
128;9;[0.1368146]
128;10;[0.13769588]
128;11;[0.13862267]
128;12;[0.1395846]
128;13;[0.14056788]
128;14;[0.14155677]
129;1;[0.13202901]
129;2;[0.13245426]
129;3;[0.13291569]
129;4;[0.13342126]
129;5;[0.13397262]
129;6;[0.13457437]
129;7;[0.1352296]
129;8;[0.13594005]
129;9;[0.13675751]
129;10;[0.13763295]
129;11;[0.13855512]
129;12;[0.13951403]
129;13;[0.14049606]
129;14;[0.14148594]
130;1;[0.13202712]
130;2;[0.13244657]
130;3;[0.13290152]
130;4;[0.1334001]
130;5;[0.13394491]
130;6;[0.13453986]
130;7;[0.13518803]
130;8;[0.13589148]
130;9;[0.1366999]
130;10;[0.13756952]
130;11;[0.13848683]
130;12;[0.13944252]
130;13;[0.14042322]
130;14;[0.14141363]
131;1;[0.1320246]
131;2;[0.1324382]
131;3;[0.13288702]
131;4;[0.13337886]
131;5;[0.1339169]
131;6;[0.13450494]
131;7;[0.13514611]
131;8;[0.1358428]
131;9;[0.13664187]
131;10;[0.13750553]
131;11;[0.13841803]
131;12;[0.13937019]
131;13;[0.14034927]
131;14;[0.1413401]
132;1;[0.13202158]
132;2;[0.13242944]
132;3;[0.1328722]
132;4;[0.133357]
132;5;[0.13388847]
132;6;[0.1344696]
132;7;[0.13510388]
132;8;[0.13579354]
132;9;[0.13658361]
132;10;[0.13744096]
132;11;[0.13834837]
132;12;[0.13929689]
132;13;[0.14027423]
132;14;[0.14126506]
133;1;[0.1320181]
133;2;[0.13242027]
133;3;[0.13285695]
133;4;[0.13333505]
133;5;[0.13385983]
133;6;[0.13443401]
133;7;[0.1350616]
133;8;[0.13574429]
133;9;[0.13652484]
133;10;[0.13737601]
133;11;[0.1382784]
133;12;[0.13922296]
133;13;[0.14019814]
133;14;[0.14118887]
134;1;[0.1320142]
134;2;[0.13241068]
134;3;[0.13284133]
134;4;[0.13331248]
134;5;[0.13383086]
134;6;[0.13439837]
134;7;[0.13501889]
134;8;[0.13569473]
134;9;[0.136466]
134;10;[0.13731089]
134;11;[0.13820772]
134;12;[0.13914841]
134;13;[0.14012112]
134;14;[0.1411115]
135;1;[0.1320096]
135;2;[0.13240062]
135;3;[0.13282531]
135;4;[0.1332899]
135;5;[0.13380171]
135;6;[0.13436235]
135;7;[0.13497607]
135;8;[0.13564502]
135;9;[0.13640675]
135;10;[0.1372453]
135;11;[0.13813667]
135;12;[0.13907307]
135;13;[0.14004333]
135;14;[0.14103313]
136;1;[0.13200466]
136;2;[0.13239017]
136;3;[0.13280912]
136;4;[0.13326691]
136;5;[0.13377239]
136;6;[0.13432638]
136;7;[0.13493302]
136;8;[0.13559514]
136;9;[0.13634738]
136;10;[0.13717946]
136;11;[0.13806519]
136;12;[0.13899715]
136;13;[0.13996464]
136;14;[0.14095363]
137;1;[0.13199942]
137;2;[0.13237938]
137;3;[0.13279247]
137;4;[0.13324408]
137;5;[0.13374269]
137;6;[0.13429022]
137;7;[0.13488999]
137;8;[0.13554512]
137;9;[0.13628767]
137;10;[0.13711327]
137;11;[0.13799338]
137;12;[0.13892086]
137;13;[0.13988544]
137;14;[0.14087324]
138;1;[0.13199356]
138;2;[0.13236816]
138;3;[0.1327756]
138;4;[0.1332212]
138;5;[0.13371299]
138;6;[0.13425373]
138;7;[0.1348468]
138;8;[0.13549517]
138;9;[0.13622823]
138;10;[0.13704704]
138;11;[0.13792129]
138;12;[0.13884407]
138;13;[0.13980532]
138;14;[0.14079185]
139;1;[0.13198744]
139;2;[0.13235664]
139;3;[0.13275854]
139;4;[0.1331981]
139;5;[0.13368307]
139;6;[0.13421734]
139;7;[0.13480356]
139;8;[0.13544497]
139;9;[0.13616833]
139;10;[0.13698065]
139;11;[0.13784888]
139;12;[0.13876674]
139;13;[0.13972475]
139;14;[0.14070961]
140;1;[0.13198096]
140;2;[0.13234498]
140;3;[0.13274123]
140;4;[0.13317478]
140;5;[0.133653]
140;6;[0.13418083]
140;7;[0.13476041]
140;8;[0.13539492]
140;9;[0.13610858]
140;10;[0.13691397]
140;11;[0.13777621]
140;12;[0.13868915]
140;13;[0.13964361]
140;14;[0.1406267]
141;1;[0.13197397]
141;2;[0.13233271]
141;3;[0.13272351]
141;4;[0.13315134]
141;5;[0.1336229]
141;6;[0.13414428]
141;7;[0.13471709]
141;8;[0.13534482]
141;9;[0.13604866]
141;10;[0.13684742]
141;11;[0.1377035]
141;12;[0.13861135]
141;13;[0.13956189]
141;14;[0.14054295]
142;1;[0.13196675]
142;2;[0.13232048]
142;3;[0.13270578]
142;4;[0.13312781]
142;5;[0.13359272]
142;6;[0.13410762]
142;7;[0.13467376]
142;8;[0.13529466]
142;9;[0.13598871]
142;10;[0.13678068]
142;11;[0.13763061]
142;12;[0.13853316]
142;13;[0.13947986]
142;14;[0.14045867]
143;1;[0.13195908]
143;2;[0.13230775]
143;3;[0.13268769]
143;4;[0.133104]
143;5;[0.13356225]
143;6;[0.13407104]
143;7;[0.13463055]
143;8;[0.13524462]
143;9;[0.13592896]
143;10;[0.13671404]
143;11;[0.13755758]
143;12;[0.1384548]
143;13;[0.13939731]
143;14;[0.14037369]
144;1;[0.13195111]
144;2;[0.13229471]
144;3;[0.13266948]
144;4;[0.13308017]
144;5;[0.13353184]
144;6;[0.13403419]
144;7;[0.13458721]
144;8;[0.13519475]
144;9;[0.13586913]
144;10;[0.13664734]
144;11;[0.13748465]
144;12;[0.13837609]
144;13;[0.13931447]
144;14;[0.14028816]
145;1;[0.13194282]
145;2;[0.13228156]
145;3;[0.132651]
145;4;[0.13305616]
145;5;[0.13350208]
145;6;[0.1339976]
145;7;[0.13454412]
145;8;[0.13514473]
145;9;[0.13580951]
145;10;[0.13658081]
145;11;[0.13741156]
145;12;[0.13829757]
145;13;[0.13923132]
145;14;[0.14020216]
146;1;[0.13193424]
146;2;[0.13226819]
146;3;[0.13263245]
146;4;[0.133032]
146;5;[0.13347207]
146;6;[0.13396104]
146;7;[0.13450092]
146;8;[0.13509493]
146;9;[0.1357499]
146;10;[0.13651411]
146;11;[0.13733843]
146;12;[0.13821873]
146;13;[0.13914788]
146;14;[0.14011556]
147;1;[0.13192537]
147;2;[0.1322544]
147;3;[0.13261372]
147;4;[0.13300796]
147;5;[0.13344213]
147;6;[0.13392429]
147;7;[0.134458]
147;8;[0.13504535]
147;9;[0.13569047]
147;10;[0.1364477]
147;11;[0.13726549]
147;12;[0.13813987]
147;13;[0.13906434]
147;14;[0.14002872]
148;1;[0.1319162]
148;2;[0.13224076]
148;3;[0.13259487]
148;4;[0.13298382]
148;5;[0.13341224]
148;6;[0.13388787]
148;7;[0.13441508]
148;8;[0.13499588]
148;9;[0.1356333]
148;10;[0.13638149]
148;11;[0.13719255]
148;12;[0.13806099]
148;13;[0.13898058]
148;14;[0.13994153]
149;1;[0.13190685]
149;2;[0.13222663]
149;3;[0.13257578]
149;4;[0.13295951]
149;5;[0.13338228]
149;6;[0.1338513]
149;7;[0.13437235]
149;8;[0.13494654]
149;9;[0.13557704]
149;10;[0.13631538]
149;11;[0.13711977]
149;12;[0.13798206]
149;13;[0.13889666]
149;14;[0.13985384]
150;1;[0.13189712]
150;2;[0.13221228]
150;3;[0.13255675]
150;4;[0.13293509]
150;5;[0.1333524]
150;6;[0.13381492]
150;7;[0.13432965]
150;8;[0.13489728]
150;9;[0.13552117]
150;10;[0.1362493]
150;11;[0.13704696]
150;12;[0.13790332]
150;13;[0.13881262]
150;14;[0.13976604]
151;1;[0.13188724]
151;2;[0.13219792]
151;3;[0.13253744]
151;4;[0.1329106]
151;5;[0.13332254]
151;6;[0.13377859]
151;7;[0.13428698]
151;8;[0.13484828]
151;9;[0.13546567]
151;10;[0.13618365]
151;11;[0.13697448]
151;12;[0.13782454]
151;13;[0.13872862]
151;14;[0.1396779]
152;1;[0.13187711]
152;2;[0.1321834]
152;3;[0.13251822]
152;4;[0.13288637]
152;5;[0.13329268]
152;6;[0.13374229]
152;7;[0.13424465]
152;8;[0.13479939]
152;9;[0.13541007]
152;10;[0.13611804]
152;11;[0.13690215]
152;12;[0.13774593]
152;13;[0.13864447]
152;14;[0.13958958]
153;1;[0.13186675]
153;2;[0.13216846]
153;3;[0.13249877]
153;4;[0.13286182]
153;5;[0.1332628]
153;6;[0.13370661]
153;7;[0.13420253]
153;8;[0.13475093]
153;9;[0.13535495]
153;10;[0.1360528]
153;11;[0.13683]
153;12;[0.1376675]
153;13;[0.13856046]
153;14;[0.13950123]
154;1;[0.13185607]
154;2;[0.13215367]
154;3;[0.1324792]
154;4;[0.13283738]
154;5;[0.13323309]
154;6;[0.1336712]
154;7;[0.1341605]
154;8;[0.1347026]
154;9;[0.1353001]
154;10;[0.13598779]
154;11;[0.13675818]
154;12;[0.13758916]
154;13;[0.13847663]
154;14;[0.1394127]
155;1;[0.13184531]
155;2;[0.13213862]
155;3;[0.13245972]
155;4;[0.132813]
155;5;[0.13320339]
155;6;[0.13363579]
155;7;[0.13411859]
155;8;[0.13465431]
155;9;[0.13524538]
155;10;[0.13592306]
155;11;[0.13668661]
155;12;[0.13751099]
155;13;[0.13839266]
155;14;[0.1393242]
156;1;[0.13183412]
156;2;[0.13212344]
156;3;[0.13243994]
156;4;[0.13278857]
156;5;[0.13317372]
156;6;[0.13360065]
156;7;[0.1340771]
156;8;[0.13460658]
156;9;[0.13519098]
156;10;[0.13585861]
156;11;[0.13661519]
156;12;[0.13743313]
156;13;[0.13830876]
156;14;[0.1392357]
157;1;[0.13182297]
157;2;[0.13210806]
157;3;[0.13242024]
157;4;[0.13276404]
157;5;[0.13314429]
157;6;[0.1335656]
157;7;[0.13403557]
157;8;[0.13455886]
157;9;[0.13513684]
157;10;[0.13579458]
157;11;[0.1365441]
157;12;[0.13735545]
157;13;[0.13822523]
157;14;[0.13914697]
158;1;[0.13181172]
158;2;[0.1320926]
158;3;[0.1324006]
158;4;[0.13273966]
158;5;[0.13311483]
158;6;[0.13353075]
158;7;[0.13399442]
158;8;[0.13451155]
158;9;[0.135083]
158;10;[0.13573073]
158;11;[0.13647349]
158;12;[0.13727796]
158;13;[0.1381417]
158;14;[0.13905847]
159;1;[0.13180003]
159;2;[0.13207702]
159;3;[0.13238068]
159;4;[0.13271521]
159;5;[0.1330854]
159;6;[0.13349615]
159;7;[0.13395333]
159;8;[0.1344645]
159;9;[0.13502955]
159;10;[0.13566732]
159;11;[0.13640311]
159;12;[0.13720101]
159;13;[0.1380585]
159;14;[0.13896994]
160;1;[0.1317883]
160;2;[0.13206148]
160;3;[0.13236082]
160;4;[0.13269086]
160;5;[0.1330562]
160;6;[0.13346158]
160;7;[0.13391261]
160;8;[0.1344177]
160;9;[0.13497639]
160;10;[0.1356042]
160;11;[0.13633299]
160;12;[0.13712427]
160;13;[0.13797554]
160;14;[0.13888158]
161;1;[0.13177648]
161;2;[0.13204573]
161;3;[0.13234097]
161;4;[0.13266665]
161;5;[0.13302705]
161;6;[0.13342716]
161;7;[0.13387218]
161;8;[0.13437125]
161;9;[0.13492367]
161;10;[0.1355414]
161;11;[0.13626342]
161;12;[0.1370479]
161;13;[0.1378928]
161;14;[0.13879333]
162;1;[0.13176441]
162;2;[0.13202986]
162;3;[0.13232102]
162;4;[0.13264224]
162;5;[0.13299805]
162;6;[0.13339308]
162;7;[0.13383211]
162;8;[0.134325]
162;9;[0.13487118]
162;10;[0.13547915]
162;11;[0.13619411]
162;12;[0.13697176]
162;13;[0.1378102]
162;14;[0.1387055]
163;1;[0.1317521]
163;2;[0.13201395]
163;3;[0.13230123]
163;4;[0.13261792]
163;5;[0.13296922]
163;6;[0.13335897]
163;7;[0.13379265]
163;8;[0.13427906]
163;9;[0.13481905]
163;10;[0.1354171]
163;11;[0.1361253]
163;12;[0.13689612]
163;13;[0.13772827]
163;14;[0.13861763]
164;1;[0.13173983]
164;2;[0.1319979]
164;3;[0.1322812]
164;4;[0.13259383]
164;5;[0.13294022]
164;6;[0.13332535]
164;7;[0.13375354]
164;8;[0.13423353]
164;9;[0.13476735]
164;10;[0.13535705]
164;11;[0.13605674]
164;12;[0.13682078]
164;13;[0.13764645]
164;14;[0.13853003]
165;1;[0.13172735]
165;2;[0.13198179]
165;3;[0.13226125]
165;4;[0.13256969]
165;5;[0.13291168]
165;6;[0.13329168]
165;7;[0.13371456]
165;8;[0.13418818]
165;9;[0.13471599]
165;10;[0.1352993]
165;11;[0.13598867]
165;12;[0.1367459]
165;13;[0.13756503]
165;14;[0.13844272]
166;1;[0.13171473]
166;2;[0.13196567]
166;3;[0.13224146]
166;4;[0.13254565]
166;5;[0.13288306]
166;6;[0.13325828]
166;7;[0.13367586]
166;8;[0.13414335]
166;9;[0.13466494]
166;10;[0.13524199]
166;11;[0.13592106]
166;12;[0.13667141]
166;13;[0.13748412]
166;14;[0.13835563]
167;1;[0.13170207]
167;2;[0.13194965]
167;3;[0.13222143]
167;4;[0.13252172]
167;5;[0.13285463]
167;6;[0.13322519]
167;7;[0.13363747]
167;8;[0.13409856]
167;9;[0.13461424]
167;10;[0.13518505]
167;11;[0.13585393]
167;12;[0.13659742]
167;13;[0.13740328]
167;14;[0.13826886]
168;1;[0.13168915]
168;2;[0.13193329]
168;3;[0.13220148]
168;4;[0.13249776]
168;5;[0.13282643]
168;6;[0.13319208]
168;7;[0.13359928]
168;8;[0.13405438]
168;9;[0.13456413]
168;10;[0.13512857]
168;11;[0.13578723]
168;12;[0.13652386]
168;13;[0.1373231]
168;14;[0.13818234]
169;1;[0.13167617]
169;2;[0.13191701]
169;3;[0.13218158]
169;4;[0.13247383]
169;5;[0.13279833]
169;6;[0.1331593]
169;7;[0.1335614]
169;8;[0.13401034]
169;9;[0.13451429]
169;10;[0.1350725]
169;11;[0.13572104]
169;12;[0.13645059]
169;13;[0.13724333]
169;14;[0.13809633]
170;1;[0.13166323]
170;2;[0.13190065]
170;3;[0.13216168]
170;4;[0.1324501]
170;5;[0.13277031]
170;6;[0.13312662]
170;7;[0.13352382]
170;8;[0.13396665]
170;9;[0.13446483]
170;10;[0.13501674]
170;11;[0.13565531]
170;12;[0.1363782]
170;13;[0.13716373]
170;14;[0.1380107]
171;1;[0.13165012]
171;2;[0.13188425]
171;3;[0.13214181]
171;4;[0.13242629]
171;5;[0.13274257]
171;6;[0.13309436]
171;7;[0.13348643]
171;8;[0.13392358]
171;9;[0.13441567]
171;10;[0.13496159]
171;11;[0.13559002]
171;12;[0.13630603]
171;13;[0.1370849]
171;14;[0.13792543]
172;1;[0.13163693]
172;2;[0.13186784]
172;3;[0.13212185]
172;4;[0.13240287]
172;5;[0.13271475]
172;6;[0.13306215]
172;7;[0.13344948]
172;8;[0.1338812]
172;9;[0.13436708]
172;10;[0.13490686]
172;11;[0.13552535]
172;12;[0.13623421]
172;13;[0.1370066]
172;14;[0.13784057]
173;1;[0.13162367]
173;2;[0.13185133]
173;3;[0.132102]
173;4;[0.13237926]
173;5;[0.1326873]
173;6;[0.13303019]
173;7;[0.13341261]
173;8;[0.1338391]
173;9;[0.13431856]
173;10;[0.13485247]
173;11;[0.13546102]
173;12;[0.13616318]
173;13;[0.13692857]
173;14;[0.13775606]
174;1;[0.13161021]
174;2;[0.13183479]
174;3;[0.13208224]
174;4;[0.13235593]
174;5;[0.1326599]
174;6;[0.1329984]
174;7;[0.13337623]
174;8;[0.13379757]
174;9;[0.1342708]
174;10;[0.1347986]
174;11;[0.13539723]
174;12;[0.13609251]
174;13;[0.13685119]
174;14;[0.13767223]
175;1;[0.1315966]
175;2;[0.13181835]
175;3;[0.13206244]
175;4;[0.13233256]
175;5;[0.1326326]
175;6;[0.13296705]
175;7;[0.13333994]
175;8;[0.13375616]
175;9;[0.13422343]
175;10;[0.13474518]
175;11;[0.13533391]
175;12;[0.13602255]
175;13;[0.13677424]
175;14;[0.13758856]
176;1;[0.13158317]
176;2;[0.13180186]
176;3;[0.13204269]
176;4;[0.13230915]
176;5;[0.13260542]
176;6;[0.13293563]
176;7;[0.13330418]
176;8;[0.13371527]
176;9;[0.13417624]
176;10;[0.13469231]
176;11;[0.13527124]
176;12;[0.13595296]
176;13;[0.1366978]
176;14;[0.13750562]
177;1;[0.13156955]
177;2;[0.13178538]
177;3;[0.132023]
177;4;[0.13228613]
177;5;[0.1325786]
177;6;[0.13290466]
177;7;[0.13326845]
177;8;[0.13367455]
177;9;[0.13412963]
177;10;[0.13463977]
177;11;[0.13520896]
177;12;[0.13588381]
177;13;[0.13662197]
177;14;[0.13742302]
178;1;[0.1315559]
178;2;[0.13176869]
178;3;[0.13200337]
178;4;[0.13226317]
178;5;[0.1325518]
178;6;[0.13287383]
178;7;[0.13323316]
178;8;[0.13363425]
178;9;[0.13408345]
178;10;[0.13458778]
178;11;[0.13514726]
178;12;[0.13581538]
178;13;[0.13654663]
178;14;[0.13734101]
179;1;[0.13154207]
179;2;[0.13175224]
179;3;[0.13198379]
179;4;[0.13224015]
179;5;[0.13252524]
179;6;[0.13284314]
179;7;[0.13319814]
179;8;[0.13359447]
179;9;[0.13403751]
179;10;[0.13453619]
179;11;[0.13508894]
179;12;[0.13574743]
179;13;[0.1364719]
179;14;[0.13725954]
180;1;[0.13152835]
180;2;[0.13173565]
180;3;[0.13196419]
180;4;[0.13221723]
180;5;[0.13249885]
180;6;[0.13281274]
180;7;[0.1331633]
180;8;[0.13355489]
180;9;[0.13399203]
180;10;[0.13448508]
180;11;[0.13503188]
180;12;[0.13568006]
180;13;[0.13639773]
180;14;[0.13717853]
181;1;[0.13151452]
181;2;[0.13171908]
181;3;[0.1319446]
181;4;[0.13219455]
181;5;[0.13247254]
181;6;[0.1327826]
181;7;[0.13312867]
181;8;[0.13351564]
181;9;[0.13394748]
181;10;[0.13443443]
181;11;[0.13497515]
181;12;[0.13561328]
181;13;[0.13632408]
181;14;[0.13709816]
182;1;[0.13150062]
182;2;[0.13170242]
182;3;[0.13192518]
182;4;[0.13217202]
182;5;[0.13244645]
182;6;[0.13275255]
182;7;[0.1330946]
182;8;[0.13347664]
182;9;[0.13390338]
182;10;[0.13438417]
182;11;[0.13491902]
182;12;[0.13554712]
182;13;[0.13625094]
182;14;[0.1370182]
183;1;[0.13148676]
183;2;[0.13168593]
183;3;[0.1319057]
183;4;[0.13214938]
183;5;[0.13242054]
183;6;[0.13272291]
183;7;[0.1330606]
183;8;[0.1334382]
183;9;[0.1338598]
183;10;[0.13433471]
183;11;[0.13486348]
183;12;[0.13548145]
183;13;[0.1361785]
183;14;[0.13693915]
184;1;[0.13147269]
184;2;[0.13166931]
184;3;[0.13188632]
184;4;[0.13212694]
184;5;[0.13239469]
184;6;[0.13269337]
184;7;[0.133027]
184;8;[0.13339989]
184;9;[0.1338166]
184;10;[0.13428532]
184;11;[0.13480836]
184;12;[0.13541631]
184;13;[0.13610663]
184;14;[0.13686043]
185;1;[0.13145863]
185;2;[0.1316528]
185;3;[0.13186711]
185;4;[0.13210462]
185;5;[0.13236915]
185;6;[0.13266422]
185;7;[0.13299367]
185;8;[0.13336211]
185;9;[0.13377382]
185;10;[0.13423659]
185;11;[0.1347539]
185;12;[0.13535194]
185;13;[0.13603543]
185;14;[0.13678227]
186;1;[0.13144457]
186;2;[0.13163626]
186;3;[0.13184774]
186;4;[0.1320825]
186;5;[0.1323436]
186;6;[0.13263504]
186;7;[0.1329607]
186;8;[0.1333246]
186;9;[0.1337316]
186;10;[0.13418834]
186;11;[0.13469973]
186;12;[0.13528803]
186;13;[0.13596477]
186;14;[0.13670489]
187;1;[0.13143034]
187;2;[0.13161975]
187;3;[0.13182862]
187;4;[0.13206038]
187;5;[0.13231844]
187;6;[0.13260618]
187;7;[0.13292778]
187;8;[0.13328756]
187;9;[0.13368966]
187;10;[0.13414048]
187;11;[0.13464622]
187;12;[0.1352246]
187;13;[0.13589469]
187;14;[0.136628]
188;1;[0.13141632]
188;2;[0.13160314]
188;3;[0.13180956]
188;4;[0.13203838]
188;5;[0.13229312]
188;6;[0.13257766]
188;7;[0.13289541]
188;8;[0.1332508]
188;9;[0.13364805]
188;10;[0.13409305]
188;11;[0.13459326]
188;12;[0.13516182]
188;13;[0.13582535]
188;14;[0.1365518]
189;1;[0.13140213]
189;2;[0.13158673]
189;3;[0.13179041]
189;4;[0.1320166]
189;5;[0.13226825]
189;6;[0.13254918]
189;7;[0.13286312]
189;8;[0.13321424]
189;9;[0.13360679]
189;10;[0.13404618]
189;11;[0.13454069]
189;12;[0.13509962]
189;13;[0.13575645]
189;14;[0.13647605]
190;1;[0.13138793]
190;2;[0.13157025]
190;3;[0.13177146]
190;4;[0.13199474]
190;5;[0.13224353]
190;6;[0.13252102]
190;7;[0.13283117]
190;8;[0.13317823]
190;9;[0.1335662]
190;10;[0.13399972]
190;11;[0.13448873]
190;12;[0.13503817]
190;13;[0.13568817]
190;14;[0.13640106]
191;1;[0.13137375]
191;2;[0.13155375]
191;3;[0.13175257]
191;4;[0.13197328]
191;5;[0.13221888]
191;6;[0.13249312]
191;7;[0.13279952]
191;8;[0.1331424]
191;9;[0.13352576]
191;10;[0.13395399]
191;11;[0.13443728]
191;12;[0.13497703]
191;13;[0.1356207]
191;14;[0.13632663]
192;1;[0.13135955]
192;2;[0.13153718]
192;3;[0.13173373]
192;4;[0.13195173]
192;5;[0.13219444]
192;6;[0.13246535]
192;7;[0.13276826]
192;8;[0.13310687]
192;9;[0.13348585]
192;10;[0.13390905]
192;11;[0.13438639]
192;12;[0.13491711]
192;13;[0.13555369]
192;14;[0.13625298]
193;1;[0.13134529]
193;2;[0.13152094]
193;3;[0.13171487]
193;4;[0.13193034]
193;5;[0.13217011]
193;6;[0.13243781]
193;7;[0.13273709]
193;8;[0.13307185]
193;9;[0.13344622]
193;10;[0.13386442]
193;11;[0.13433594]
193;12;[0.13486084]
193;13;[0.1354873]
193;14;[0.13617979]
194;1;[0.13133103]
194;2;[0.13150448]
194;3;[0.13169618]
194;4;[0.1319091]
194;5;[0.13214606]
194;6;[0.13241056]
194;7;[0.13270631]
194;8;[0.13303706]
194;9;[0.13340712]
194;10;[0.13382061]
194;11;[0.13428594]
194;12;[0.13480519]
194;13;[0.13542162]
194;14;[0.13610734]
195;1;[0.13131674]
195;2;[0.13148803]
195;3;[0.13167763]
195;4;[0.13188791]
195;5;[0.13212219]
195;6;[0.13238363]
195;7;[0.13267568]
195;8;[0.13300271]
195;9;[0.1333684]
195;10;[0.13377707]
195;11;[0.13423651]
195;12;[0.13474992]
195;13;[0.13535658]
195;14;[0.13603547]
196;1;[0.13130255]
196;2;[0.13147184]
196;3;[0.13165902]
196;4;[0.13186686]
196;5;[0.13209829]
196;6;[0.13235666]
196;7;[0.13264552]
196;8;[0.13296849]
196;9;[0.13332985]
196;10;[0.13373394]
196;11;[0.13418762]
196;12;[0.13469549]
196;13;[0.13529198]
196;14;[0.1359644]
197;1;[0.13128819]
197;2;[0.13145542]
197;3;[0.13164051]
197;4;[0.13184583]
197;5;[0.13207476]
197;6;[0.1323301]
197;7;[0.13261543]
197;8;[0.13293473]
197;9;[0.13329193]
197;10;[0.13369128]
197;11;[0.13413922]
197;12;[0.13464153]
197;13;[0.1352282]
197;14;[0.13589378]
198;1;[0.13127391]
198;2;[0.13143934]
198;3;[0.13162221]
198;4;[0.1318251]
198;5;[0.13205127]
198;6;[0.13230368]
198;7;[0.13258573]
198;8;[0.13290119]
198;9;[0.13325441]
198;10;[0.13364899]
198;11;[0.13409123]
198;12;[0.13458818]
198;13;[0.13516483]
198;14;[0.13582402]
199;1;[0.13125955]
199;2;[0.13142303]
199;3;[0.13160369]
199;4;[0.13180423]
199;5;[0.132028]
199;6;[0.13227741]
199;7;[0.13255627]
199;8;[0.13286819]
199;9;[0.133217]
199;10;[0.1336072]
199;11;[0.13404387]
199;12;[0.13453518]
199;13;[0.1351023]
199;14;[0.13575491]
200;1;[0.13124523]
200;2;[0.13140684]
200;3;[0.13158545]
200;4;[0.13178387]
200;5;[0.13200486]
200;6;[0.13225135]
200;7;[0.13252705]
200;8;[0.13283531]
200;9;[0.13318016]
200;10;[0.13356583]
200;11;[0.1339969]
200;12;[0.13448277]
200;13;[0.13504027]
200;14;[0.13568628]
201;1;[0.13123097]
201;2;[0.13139068]
201;3;[0.13156728]
201;4;[0.1317635]
201;5;[0.13198192]
201;6;[0.13222563]
201;7;[0.13249804]
201;8;[0.13280284]
201;9;[0.13314366]
201;10;[0.1335249]
201;11;[0.13395055]
201;12;[0.13443093]
201;13;[0.13497889]
201;14;[0.13561837]
202;1;[0.1312167]
202;2;[0.13137448]
202;3;[0.13154916]
202;4;[0.13174316]
202;5;[0.13195908]
202;6;[0.13220003]
202;7;[0.1324695]
202;8;[0.1327706]
202;9;[0.1331076]
202;10;[0.13348442]
202;11;[0.1339052]
202;12;[0.13437971]
202;13;[0.13491814]
202;14;[0.13555118]
203;1;[0.13120246]
203;2;[0.13135844]
203;3;[0.13153115]
203;4;[0.13172285]
203;5;[0.13193646]
203;6;[0.13217473]
203;7;[0.13244094]
203;8;[0.13273878]
203;9;[0.13307199]
203;10;[0.13344438]
203;11;[0.13386025]
203;12;[0.13432895]
203;13;[0.13485809]
203;14;[0.13548458]
204;1;[0.13118823]
204;2;[0.13134243]
204;3;[0.1315132]
204;4;[0.1317027]
204;5;[0.13191403]
204;6;[0.13214955]
204;7;[0.13241273]
204;8;[0.13270713]
204;9;[0.13303646]
204;10;[0.13340472]
204;11;[0.13381591]
204;12;[0.13427892]
204;13;[0.13479853]
204;14;[0.1354186]
205;1;[0.13117388]
205;2;[0.13132644]
205;3;[0.13149534]
205;4;[0.13168278]
205;5;[0.1318916]
205;6;[0.13212457]
205;7;[0.13238478]
205;8;[0.13267586]
205;9;[0.13300154]
205;10;[0.1333655]
205;11;[0.1337721]
205;12;[0.13422918]
205;13;[0.13473955]
205;14;[0.13535334]
206;1;[0.13115959]
206;2;[0.13131046]
206;3;[0.13147755]
206;4;[0.13166289]
206;5;[0.1318695]
206;6;[0.13209975]
206;7;[0.1323571]
206;8;[0.13264494]
206;9;[0.13296677]
206;10;[0.13332655]
206;11;[0.13372864]
206;12;[0.13418008]
206;13;[0.13468485]
206;14;[0.13528875]
207;1;[0.13114527]
207;2;[0.13129467]
207;3;[0.13145964]
207;4;[0.1316431]
207;5;[0.1318475]
207;6;[0.13207512]
207;7;[0.13232972]
207;8;[0.13261437]
207;9;[0.13293251]
207;10;[0.13328822]
207;11;[0.13368559]
207;12;[0.13413143]
207;13;[0.13463081]
207;14;[0.13522474]
208;1;[0.13113107]
208;2;[0.13127883]
208;3;[0.13144208]
208;4;[0.13162352]
208;5;[0.13182566]
208;6;[0.13205087]
208;7;[0.13230248]
208;8;[0.13258393]
208;9;[0.13289852]
208;10;[0.13325024]
208;11;[0.13364297]
208;12;[0.13408323]
208;13;[0.13457716]
208;14;[0.13516156]
209;1;[0.13111687]
209;2;[0.13126293]
209;3;[0.13142465]
209;4;[0.1316041]
209;5;[0.13180396]
209;6;[0.1320267]
209;7;[0.13227569]
209;8;[0.13255383]
209;9;[0.13286497]
209;10;[0.13321269]
209;11;[0.13360107]
209;12;[0.13403586]
209;13;[0.13452426]
209;14;[0.1350988]
210;1;[0.13110264]
210;2;[0.13124709]
210;3;[0.13140707]
210;4;[0.13158469]
210;5;[0.1317823]
210;6;[0.1320028]
210;7;[0.13224895]
210;8;[0.13252407]
210;9;[0.1328316]
210;10;[0.13317554]
210;11;[0.13355948]
210;12;[0.13398875]
210;13;[0.13447198]
210;14;[0.13503678]
211;1;[0.13108838]
211;2;[0.13123146]
211;3;[0.13138969]
211;4;[0.13156548]
211;5;[0.13176106]
211;6;[0.13197902]
211;7;[0.13222241]
211;8;[0.1324945]
211;9;[0.13279887]
211;10;[0.1331388]
211;11;[0.13351835]
211;12;[0.13394223]
211;13;[0.1344202]
211;14;[0.13497551]
212;1;[0.13107415]
212;2;[0.13121566]
212;3;[0.13137239]
212;4;[0.13154633]
212;5;[0.1317397]
212;6;[0.13195547]
212;7;[0.13219626]
212;8;[0.13246538]
212;9;[0.13276611]
212;10;[0.13310227]
212;11;[0.1334778]
212;12;[0.13389662]
212;13;[0.13436894]
212;14;[0.13491462]
213;1;[0.13106]
213;2;[0.13120013]
213;3;[0.13135506]
213;4;[0.1315271]
213;5;[0.1317186]
213;6;[0.13193215]
213;7;[0.13217017]
213;8;[0.13243647]
213;9;[0.13273385]
213;10;[0.13306618]
213;11;[0.13343748]
213;12;[0.13385166]
213;13;[0.13431825]
213;14;[0.13485453]
214;1;[0.13104591]
214;2;[0.13118453]
214;3;[0.13133785]
214;4;[0.13150828]
214;5;[0.13169771]
214;6;[0.13190892]
214;7;[0.13214456]
214;8;[0.13240781]
214;9;[0.13270192]
214;10;[0.13303065]
214;11;[0.13339771]
214;12;[0.13380742]
214;13;[0.13426812]
214;14;[0.13479504]
215;1;[0.1310317]
215;2;[0.13116904]
215;3;[0.1313209]
215;4;[0.13148946]
215;5;[0.13167687]
215;6;[0.13188587]
215;7;[0.13211913]
215;8;[0.13237943]
215;9;[0.13267021]
215;10;[0.13299552]
215;11;[0.1333584]
215;12;[0.13376337]
215;13;[0.13421851]
215;14;[0.13473628]
216;1;[0.13101766]
216;2;[0.13115348]
216;3;[0.13130385]
216;4;[0.13147072]
216;5;[0.13165629]
216;6;[0.13186313]
216;7;[0.13209379]
216;8;[0.13235126]
216;9;[0.13263907]
216;10;[0.13296062]
216;11;[0.13331959]
216;12;[0.13371997]
216;13;[0.13416956]
216;14;[0.13467805]
217;1;[0.13100362]
217;2;[0.13113803]
217;3;[0.1312869]
217;4;[0.13145207]
217;5;[0.13163589]
217;6;[0.13184041]
217;7;[0.13206868]
217;8;[0.13232356]
217;9;[0.13260812]
217;10;[0.13292597]
217;11;[0.13328093]
217;12;[0.13367699]
217;13;[0.13412103]
217;14;[0.13462052]
218;1;[0.13098952]
218;2;[0.13112265]
218;3;[0.13127013]
218;4;[0.13143371]
218;5;[0.13161542]
218;6;[0.1318181]
218;7;[0.1320439]
218;8;[0.13229597]
218;9;[0.13257742]
218;10;[0.13289185]
218;11;[0.13324292]
218;12;[0.13363452]
218;13;[0.13407314]
218;14;[0.13456431]
219;1;[0.13097547]
219;2;[0.13110739]
219;3;[0.1312534]
219;4;[0.13141528]
219;5;[0.13159524]
219;6;[0.13179578]
219;7;[0.13201928]
219;8;[0.13226868]
219;9;[0.1325471]
219;10;[0.13285816]
219;11;[0.13320532]
219;12;[0.1335925]
219;13;[0.1340257]
219;14;[0.13451155]
220;1;[0.13096139]
220;2;[0.131092]
220;3;[0.13123657]
220;4;[0.13139702]
220;5;[0.13157529]
220;6;[0.1317736]
220;7;[0.13199481]
220;8;[0.13224177]
220;9;[0.13251717]
220;10;[0.13282469]
220;11;[0.1331681]
220;12;[0.13355106]
220;13;[0.13397886]
220;14;[0.13445948]
221;1;[0.13094738]
221;2;[0.13107686]
221;3;[0.13122004]
221;4;[0.13137884]
221;5;[0.13155532]
221;6;[0.13175169]
221;7;[0.13197075]
221;8;[0.13221486]
221;9;[0.13248737]
221;10;[0.13279158]
221;11;[0.1331312]
221;12;[0.13351004]
221;13;[0.13393241]
221;14;[0.13440798]
222;1;[0.13093348]
222;2;[0.13106166]
222;3;[0.13120355]
222;4;[0.1313607]
222;5;[0.13153553]
222;6;[0.1317301]
222;7;[0.13194667]
222;8;[0.13218842]
222;9;[0.13245796]
222;10;[0.13275906]
222;11;[0.13309488]
222;12;[0.13346939]
222;13;[0.13388667]
222;14;[0.13435704]
223;1;[0.13091953]
223;2;[0.13104653]
223;3;[0.131187]
223;4;[0.13134289]
223;5;[0.13151596]
223;6;[0.13170855]
223;7;[0.13192295]
223;8;[0.13216205]
223;9;[0.13242891]
223;10;[0.13272664]
223;11;[0.13305883]
223;12;[0.13342929]
223;13;[0.13384178]
223;14;[0.13430662]
224;1;[0.13090567]
224;2;[0.13103141]
224;3;[0.13117076]
224;4;[0.13132502]
224;5;[0.1314964]
224;6;[0.13168712]
224;7;[0.13189943]
224;8;[0.13213606]
224;9;[0.13240004]
224;10;[0.13269466]
224;11;[0.13302323]
224;12;[0.1333895]
224;13;[0.13379763]
224;14;[0.1342567]
225;1;[0.13089168]
225;2;[0.13101634]
225;3;[0.13115436]
225;4;[0.13130732]
225;5;[0.1314772]
225;6;[0.1316658]
225;7;[0.13187605]
225;8;[0.13211036]
225;9;[0.13237147]
225;10;[0.132663]
225;11;[0.13298792]
225;12;[0.1333503]
225;13;[0.13375376]
225;14;[0.13420741]
226;1;[0.13087791]
226;2;[0.13100147]
226;3;[0.13113816]
226;4;[0.13128968]
226;5;[0.1314579]
226;6;[0.13164482]
226;7;[0.13185292]
226;8;[0.13208482]
226;9;[0.13234332]
226;10;[0.13263163]
226;11;[0.13295306]
226;12;[0.13331145]
226;13;[0.13371067]
226;14;[0.1341587]
227;1;[0.13086416]
227;2;[0.13098665]
227;3;[0.131122]
227;4;[0.1312722]
227;5;[0.13143873]
227;6;[0.13162398]
227;7;[0.13183011]
227;8;[0.13205953]
227;9;[0.1323154]
227;10;[0.13260068]
227;11;[0.13291876]
227;12;[0.1332732]
227;13;[0.13366795]
227;14;[0.13411047]
228;1;[0.13085023]
228;2;[0.13097182]
228;3;[0.13110606]
228;4;[0.13125475]
228;5;[0.13141981]
228;6;[0.13160323]
228;7;[0.13180731]
228;8;[0.13203463]
228;9;[0.13228768]
228;10;[0.13256998]
228;11;[0.13288455]
228;12;[0.13323513]
228;13;[0.1336257]
228;14;[0.13406292]
229;1;[0.13083659]
229;2;[0.13095684]
229;3;[0.13109]
229;4;[0.13123749]
229;5;[0.13140102]
229;6;[0.13158275]
229;7;[0.13178481]
229;8;[0.13200991]
229;9;[0.13226038]
229;10;[0.13253963]
229;11;[0.13285105]
229;12;[0.13319765]
229;13;[0.13358398]
229;14;[0.13401589]
230;1;[0.13082293]
230;2;[0.13094218]
230;3;[0.1310741]
230;4;[0.13122037]
230;5;[0.13138238]
230;6;[0.1315624]
230;7;[0.13176252]
230;8;[0.13198522]
230;9;[0.13223329]
230;10;[0.13250966]
230;11;[0.13281754]
230;12;[0.13316055]
230;13;[0.13354266]
230;14;[0.13396923]
231;1;[0.13080914]
231;2;[0.13092753]
231;3;[0.13105826]
231;4;[0.1312031]
231;5;[0.13136376]
231;6;[0.13154213]
231;7;[0.1317403]
231;8;[0.13196081]
231;9;[0.13220638]
231;10;[0.13247976]
231;11;[0.13278472]
231;12;[0.13312392]
231;13;[0.13350178]
231;14;[0.13392322]
232;1;[0.13079554]
232;2;[0.1309128]
232;3;[0.13104248]
232;4;[0.13118614]
232;5;[0.13134554]
232;6;[0.13152204]
232;7;[0.13171841]
232;8;[0.1319368]
232;9;[0.13217975]
232;10;[0.13245039]
232;11;[0.132752]
232;12;[0.13308771]
232;13;[0.13346149]
232;14;[0.13387765]
233;1;[0.13078193]
233;2;[0.1308983]
233;3;[0.13102688]
233;4;[0.13116923]
233;5;[0.13132717]
233;6;[0.13150218]
233;7;[0.13169655]
233;8;[0.13191289]
233;9;[0.13215344]
233;10;[0.13242143]
233;11;[0.1327196]
233;12;[0.13305199]
233;13;[0.13342153]
233;14;[0.13383266]
234;1;[0.1307683]
234;2;[0.13088377]
234;3;[0.13101132]
234;4;[0.13115244]
234;5;[0.13130891]
234;6;[0.1314824]
234;7;[0.13167515]
234;8;[0.13188918]
234;9;[0.13212733]
234;10;[0.13239254]
234;11;[0.1326878]
234;12;[0.13301648]
234;13;[0.1333822]
234;14;[0.13378878]
235;1;[0.13075471]
235;2;[0.1308693]
235;3;[0.13099581]
235;4;[0.13113584]
235;5;[0.13129099]
235;6;[0.13146286]
235;7;[0.13165364]
235;8;[0.13186581]
235;9;[0.13210173]
235;10;[0.13236415]
235;11;[0.13265613]
235;12;[0.13298148]
235;13;[0.13334315]
235;14;[0.13374545]
236;1;[0.13074131]
236;2;[0.13085489]
236;3;[0.13098036]
236;4;[0.13111928]
236;5;[0.13127296]
236;6;[0.13144341]
236;7;[0.13163252]
236;8;[0.13184261]
236;9;[0.13207619]
236;10;[0.13233592]
236;11;[0.13262503]
236;12;[0.13294674]
236;13;[0.13330463]
236;14;[0.13370246]
237;1;[0.13072772]
237;2;[0.13084054]
237;3;[0.13096507]
237;4;[0.13110289]
237;5;[0.13125512]
237;6;[0.13142404]
237;7;[0.13161147]
237;8;[0.1318196]
237;9;[0.1320509]
237;10;[0.13230798]
237;11;[0.13259417]
237;12;[0.13291252]
237;13;[0.13326654]
237;14;[0.13366011]
238;1;[0.1307144]
238;2;[0.13082622]
238;3;[0.13094981]
238;4;[0.13108635]
238;5;[0.13123755]
238;6;[0.13140507]
238;7;[0.13159063]
238;8;[0.13179678]
238;9;[0.13202573]
238;10;[0.1322805]
238;11;[0.13256356]
238;12;[0.13287868]
238;13;[0.13322882]
238;14;[0.13361819]
239;1;[0.130701]
239;2;[0.13081183]
239;3;[0.13093464]
239;4;[0.1310701]
239;5;[0.13121994]
239;6;[0.13138595]
239;7;[0.13156995]
239;8;[0.13177419]
239;9;[0.13200095]
239;10;[0.1322531]
239;11;[0.13253343]
239;12;[0.13284512]
239;13;[0.13319166]
239;14;[0.1335768]
240;1;[0.13068756]
240;2;[0.13079774]
240;3;[0.13091943]
240;4;[0.13105379]
240;5;[0.13120252]
240;6;[0.13136706]
240;7;[0.13154957]
240;8;[0.13175185]
240;9;[0.13197659]
240;10;[0.13222605]
240;11;[0.13250355]
240;12;[0.13281198]
240;13;[0.13315491]
240;14;[0.13353598]
241;1;[0.13067433]
241;2;[0.13078362]
241;3;[0.1309045]
241;4;[0.13103783]
241;5;[0.13118516]
241;6;[0.13134846]
241;7;[0.13152921]
241;8;[0.13172974]
241;9;[0.1319521]
241;10;[0.13219933]
241;11;[0.13247404]
241;12;[0.13277924]
241;13;[0.13311844]
241;14;[0.13349535]
242;1;[0.13066095]
242;2;[0.1307696]
242;3;[0.13088934]
242;4;[0.13102186]
242;5;[0.13116796]
242;6;[0.1313299]
242;7;[0.1315091]
242;8;[0.13170768]
242;9;[0.13192801]
242;10;[0.13217278]
242;11;[0.13244464]
242;12;[0.13274689]
242;13;[0.13308245]
242;14;[0.1334555]
243;1;[0.13064767]
243;2;[0.13075566]
243;3;[0.13087441]
243;4;[0.13100587]
243;5;[0.1311509]
243;6;[0.13131136]
243;7;[0.13148907]
243;8;[0.1316859]
243;9;[0.13190421]
243;10;[0.13214663]
243;11;[0.13241579]
243;12;[0.13271472]
243;13;[0.13304693]
243;14;[0.13341592]
244;1;[0.13063437]
244;2;[0.13074164]
244;3;[0.1308596]
244;4;[0.13098992]
244;5;[0.13113394]
244;6;[0.1312932]
244;7;[0.13146935]
244;8;[0.13166438]
244;9;[0.13188057]
244;10;[0.13212068]
244;11;[0.13238713]
244;12;[0.13268305]
244;13;[0.13301182]
244;14;[0.13337679]
245;1;[0.13062133]
245;2;[0.13072765]
245;3;[0.13084489]
245;4;[0.13097432]
245;5;[0.13111708]
245;6;[0.1312749]
245;7;[0.13144964]
245;8;[0.13164301]
245;9;[0.13185711]
245;10;[0.1320949]
245;11;[0.13235876]
245;12;[0.13265175]
245;13;[0.13297711]
245;14;[0.13333821]
246;1;[0.13060817]
246;2;[0.13071388]
246;3;[0.13083021]
246;4;[0.1309586]
246;5;[0.13110031]
246;6;[0.13125694]
246;7;[0.13143016]
246;8;[0.13162172]
246;9;[0.13183399]
246;10;[0.13206953]
246;11;[0.13233076]
246;12;[0.13262069]
246;13;[0.13294268]
246;14;[0.13330007]
247;1;[0.13059507]
247;2;[0.13070005]
247;3;[0.13081558]
247;4;[0.13094306]
247;5;[0.1310837]
247;6;[0.13123918]
247;7;[0.13141087]
247;8;[0.13160084]
247;9;[0.13181119]
247;10;[0.13204433]
247;11;[0.13230312]
247;12;[0.13259014]
247;13;[0.13290879]
247;14;[0.13326237]
248;1;[0.13058212]
248;2;[0.13068627]
248;3;[0.13080102]
248;4;[0.1309277]
248;5;[0.13106725]
248;6;[0.13122137]
248;7;[0.13139175]
248;8;[0.13157994]
248;9;[0.13178825]
248;10;[0.13201948]
248;11;[0.13227567]
248;12;[0.13255975]
248;13;[0.13287519]
248;14;[0.13322522]
249;1;[0.13056904]
249;2;[0.13067251]
249;3;[0.13078661]
249;4;[0.13091217]
249;5;[0.13105078]
249;6;[0.1312037]
249;7;[0.13137263]
249;8;[0.13155934]
249;9;[0.13176605]
249;10;[0.13199474]
249;11;[0.13224843]
249;12;[0.13252985]
249;13;[0.13284196]
249;14;[0.13318825]
250;1;[0.13055615]
250;2;[0.13065885]
250;3;[0.13077205]
250;4;[0.13089702]
250;5;[0.13103463]
250;6;[0.13118628]
250;7;[0.1313538]
250;8;[0.13153884]
250;9;[0.13174361]
250;10;[0.13197038]
250;11;[0.13222168]
250;12;[0.13250007]
250;13;[0.13280909]
250;14;[0.13315177]
251;1;[0.13054313]
251;2;[0.13064528]
251;3;[0.13075796]
251;4;[0.13088171]
251;5;[0.13101831]
251;6;[0.1311689]
251;7;[0.13133515]
251;8;[0.13151859]
251;9;[0.13172154]
251;10;[0.13194624]
251;11;[0.13219507]
251;12;[0.13247076]
251;13;[0.13277666]
251;14;[0.1331158]
252;1;[0.13053022]
252;2;[0.13063174]
252;3;[0.1307436]
252;4;[0.13086665]
252;5;[0.1310023]
252;6;[0.13115168]
252;7;[0.1313165]
252;8;[0.13149859]
252;9;[0.13169982]
252;10;[0.13192225]
252;11;[0.13216862]
252;12;[0.13244186]
252;13;[0.1327445]
252;14;[0.1330802]
253;1;[0.13051741]
253;2;[0.13061823]
253;3;[0.13072947]
253;4;[0.13085169]
253;5;[0.13098629]
253;6;[0.13113467]
253;7;[0.13129802]
253;8;[0.13147861]
253;9;[0.13167803]
253;10;[0.13189858]
253;11;[0.13214268]
253;12;[0.13241309]
253;13;[0.13271275]
253;14;[0.13304499]
254;1;[0.1305045]
254;2;[0.1306049]
254;3;[0.13071524]
254;4;[0.13083656]
254;5;[0.1309704]
254;6;[0.13111757]
254;7;[0.13127983]
254;8;[0.13145888]
254;9;[0.13165645]
254;10;[0.13187511]
254;11;[0.1321168]
254;12;[0.13238478]
254;13;[0.13268146]
254;14;[0.13301016]
255;1;[0.13049176]
255;2;[0.1305915]
255;3;[0.13070124]
255;4;[0.13082185]
255;5;[0.13095456]
255;6;[0.13110076]
255;7;[0.13126169]
255;8;[0.13143931]
255;9;[0.13163526]
255;10;[0.13185185]
255;11;[0.13209137]
255;12;[0.13235663]
255;13;[0.13265045]
255;14;[0.13297568]
256;1;[0.13047902]
256;2;[0.13057819]
256;3;[0.1306872]
256;4;[0.13080712]
256;5;[0.13093898]
256;6;[0.13108402]
256;7;[0.13124372]
256;8;[0.13141994]
256;9;[0.13161418]
256;10;[0.13182883]
256;11;[0.13206628]
256;12;[0.13232893]
256;13;[0.13261966]
256;14;[0.13294178]
257;1;[0.13046634]
257;2;[0.13056493]
257;3;[0.13067333]
257;4;[0.13079235]
257;5;[0.1309234]
257;6;[0.13106747]
257;7;[0.13122594]
257;8;[0.13140061]
257;9;[0.13159327]
257;10;[0.13180597]
257;11;[0.13204123]
257;12;[0.13230139]
257;13;[0.13258936]
257;14;[0.13290817]
258;1;[0.13045366]
258;2;[0.13055177]
258;3;[0.13065954]
258;4;[0.13077782]
258;5;[0.13090785]
258;6;[0.13105091]
258;7;[0.13120826]
258;8;[0.13138165]
258;9;[0.13157263]
258;10;[0.13178337]
258;11;[0.13201642]
258;12;[0.1322743]
258;13;[0.1325594]
258;14;[0.13287498]
259;1;[0.13044104]
259;2;[0.1305387]
259;3;[0.13064574]
259;4;[0.13076334]
259;5;[0.13089256]
259;6;[0.13103458]
259;7;[0.1311907]
259;8;[0.13136268]
259;9;[0.13155203]
259;10;[0.13176122]
259;11;[0.13199203]
259;12;[0.1322472]
259;13;[0.1325296]
259;14;[0.13284212]
260;1;[0.13042848]
260;2;[0.13052553]
260;3;[0.1306319]
260;4;[0.13074891]
260;5;[0.13087729]
260;6;[0.13101825]
260;7;[0.1311733]
260;8;[0.13134378]
260;9;[0.13153175]
260;10;[0.13173904]
260;11;[0.13196777]
260;12;[0.13222069]
260;13;[0.13250035]
260;14;[0.13280958]
261;1;[0.13041608]
261;2;[0.13051234]
261;3;[0.13061824]
261;4;[0.13073452]
261;5;[0.13086207]
261;6;[0.13100219]
261;7;[0.13115606]
261;8;[0.13132524]
261;9;[0.13151164]
261;10;[0.13171719]
261;11;[0.13194382]
261;12;[0.13219427]
261;13;[0.13247135]
261;14;[0.13277742]
262;1;[0.13040356]
262;2;[0.13049947]
262;3;[0.1306048]
262;4;[0.1307202]
262;5;[0.13084699]
262;6;[0.1309862]
262;7;[0.13113879]
262;8;[0.1313068]
262;9;[0.13149166]
262;10;[0.13169548]
262;11;[0.13192011]
262;12;[0.13216828]
262;13;[0.13244246]
262;14;[0.13274571]
263;1;[0.13039102]
263;2;[0.13048662]
263;3;[0.13059111]
263;4;[0.13070595]
263;5;[0.13083203]
263;6;[0.13097021]
263;7;[0.13112186]
263;8;[0.13128848]
263;9;[0.13147193]
263;10;[0.13167393]
263;11;[0.1318966]
263;12;[0.13214251]
263;13;[0.13241394]
263;14;[0.13271438]
264;1;[0.13037862]
264;2;[0.13047363]
264;3;[0.13057779]
264;4;[0.13069198]
264;5;[0.13081716]
264;6;[0.13095437]
264;7;[0.13110498]
264;8;[0.13127035]
264;9;[0.13145225]
264;10;[0.13165268]
264;11;[0.13187344]
264;12;[0.13211703]
264;13;[0.13238601]
264;14;[0.1326834]
265;1;[0.13036631]
265;2;[0.13046081]
265;3;[0.13056433]
265;4;[0.13067804]
265;5;[0.13080236]
265;6;[0.13093863]
265;7;[0.13108814]
265;8;[0.13125247]
265;9;[0.13143292]
265;10;[0.13163148]
265;11;[0.13185042]
265;12;[0.1320918]
265;13;[0.13235813]
265;14;[0.13265269]
266;1;[0.13035415]
266;2;[0.13044798]
266;3;[0.13055101]
266;4;[0.13066392]
266;5;[0.13078767]
266;6;[0.13092303]
266;7;[0.13107158]
266;8;[0.13123451]
266;9;[0.13141367]
266;10;[0.13161063]
266;11;[0.13182749]
266;12;[0.1320667]
266;13;[0.13233075]
266;14;[0.13262227]
267;1;[0.13034172]
267;2;[0.13043523]
267;3;[0.13053788]
267;4;[0.13065016]
267;5;[0.13077313]
267;6;[0.13090752]
267;7;[0.13105513]
267;8;[0.13121681]
267;9;[0.13139468]
267;10;[0.13158995]
267;11;[0.13180497]
267;12;[0.13204208]
267;13;[0.13230349]
267;14;[0.13259219]
268;1;[0.1303295]
268;2;[0.13042253]
268;3;[0.13052465]
268;4;[0.13063625]
268;5;[0.13075848]
268;6;[0.13089219]
268;7;[0.13103874]
268;8;[0.13119943]
268;9;[0.13137572]
268;10;[0.13156934]
268;11;[0.13178264]
268;12;[0.13201755]
268;13;[0.13227668]
268;14;[0.13256258]
269;1;[0.13031727]
269;2;[0.13040993]
269;3;[0.13051146]
269;4;[0.13062261]
269;5;[0.1307441]
269;6;[0.130877]
269;7;[0.1310225]
269;8;[0.13118199]
269;9;[0.13135692]
269;10;[0.13154905]
269;11;[0.13176043]
269;12;[0.13199332]
269;13;[0.13225015]
269;14;[0.13253321]
270;1;[0.13030519]
270;2;[0.13039741]
270;3;[0.1304984]
270;4;[0.13060893]
270;5;[0.13072966]
270;6;[0.13086177]
270;7;[0.13100633]
270;8;[0.1311647]
270;9;[0.1313383]
270;10;[0.13152894]
270;11;[0.13173868]
270;12;[0.13196933]
270;13;[0.13222371]
270;14;[0.13250418]
271;1;[0.13029309]
271;2;[0.13038488]
271;3;[0.13048537]
271;4;[0.1305954]
271;5;[0.13071543]
271;6;[0.13084665]
271;7;[0.13099046]
271;8;[0.13114752]
271;9;[0.13131997]
271;10;[0.13150898]
271;11;[0.13171695]
271;12;[0.13194565]
271;13;[0.13219756]
271;14;[0.13247538]
272;1;[0.1302811]
272;2;[0.13037248]
272;3;[0.1304727]
272;4;[0.1305818]
272;5;[0.13070117]
272;6;[0.13083164]
272;7;[0.13097447]
272;8;[0.13113065]
272;9;[0.13130155]
272;10;[0.1314892]
272;11;[0.13169535]
272;12;[0.13192219]
272;13;[0.1321718]
272;14;[0.13244699]
273;1;[0.13026898]
273;2;[0.13035993]
273;3;[0.13045953]
273;4;[0.1305685]
273;5;[0.1306872]
273;6;[0.13081689]
273;7;[0.13095869]
273;8;[0.13111366]
273;9;[0.13128346]
273;10;[0.13146968]
273;11;[0.1316742]
273;12;[0.13189898]
273;13;[0.13214634]
273;14;[0.13241889]
274;1;[0.13025701]
274;2;[0.1303476]
274;3;[0.13044685]
274;4;[0.13055502]
274;5;[0.1306731]
274;6;[0.13080217]
274;7;[0.13094299]
274;8;[0.13109697]
274;9;[0.13126557]
274;10;[0.1314503]
274;11;[0.13165306]
274;12;[0.13187586]
274;13;[0.13212112]
274;14;[0.13239114]
275;1;[0.13024504]
275;2;[0.13033533]
275;3;[0.130434]
275;4;[0.13054161]
275;5;[0.13065921]
275;6;[0.13078734]
275;7;[0.13092743]
275;8;[0.13108036]
275;9;[0.13124779]
275;10;[0.131431]
275;11;[0.13163209]
275;12;[0.13185304]
275;13;[0.13209616]
275;14;[0.13236366]
276;1;[0.13023317]
276;2;[0.13032295]
276;3;[0.13042127]
276;4;[0.13052844]
276;5;[0.13064535]
276;6;[0.13077281]
276;7;[0.13091195]
276;8;[0.13106386]
276;9;[0.13122998]
276;10;[0.13141207]
276;11;[0.13161148]
276;12;[0.1318305]
276;13;[0.13207144]
276;14;[0.13233653]
277;1;[0.1302213]
277;2;[0.1303109]
277;3;[0.13040857]
277;4;[0.13051519]
277;5;[0.13063163]
277;6;[0.13075848]
277;7;[0.13089664]
277;8;[0.1310476]
277;9;[0.13121255]
277;10;[0.1313932]
277;11;[0.13159099]
277;12;[0.13180827]
277;13;[0.13204703]
277;14;[0.13230962]
278;1;[0.13020957]
278;2;[0.13029875]
278;3;[0.13039608]
278;4;[0.13050222]
278;5;[0.13061786]
278;6;[0.130744]
278;7;[0.13088141]
278;8;[0.13103136]
278;9;[0.13119516]
278;10;[0.13137434]
278;11;[0.1315707]
278;12;[0.13178615]
278;13;[0.13202271]
278;14;[0.13228305]
279;1;[0.13019772]
279;2;[0.13028651]
279;3;[0.13038352]
279;4;[0.13048911]
279;5;[0.13060439]
279;6;[0.13072965]
279;7;[0.13086629]
279;8;[0.1310153]
279;9;[0.13117783]
279;10;[0.13135582]
279;11;[0.13155058]
279;12;[0.13176416]
279;13;[0.13199878]
279;14;[0.1322567]
280;1;[0.13018598]
280;2;[0.13027455]
280;3;[0.13037102]
280;4;[0.13047622]
280;5;[0.13059081]
280;6;[0.13071552]
280;7;[0.13085118]
280;8;[0.1309992]
280;9;[0.13116083]
280;10;[0.13133736]
280;11;[0.13153057]
280;12;[0.13174248]
280;13;[0.13197502]
280;14;[0.1322307]
281;1;[0.13017437]
281;2;[0.13026248]
281;3;[0.13035858]
281;4;[0.13046338]
281;5;[0.1305773]
281;6;[0.13070132]
281;7;[0.13083632]
281;8;[0.13098349]
281;9;[0.1311439]
281;10;[0.13131918]
281;11;[0.13151094]
281;12;[0.13172106]
281;13;[0.13195156]
281;14;[0.13220489]
282;1;[0.13016275]
282;2;[0.1302505]
282;3;[0.1303463]
282;4;[0.13045055]
282;5;[0.13056402]
282;6;[0.13068743]
282;7;[0.13082148]
282;8;[0.13096781]
282;9;[0.131127]
282;10;[0.13130112]
282;11;[0.1314913]
282;12;[0.13169977]
282;13;[0.13192828]
282;14;[0.13217941]
283;1;[0.13015103]
283;2;[0.13023868]
283;3;[0.13033389]
283;4;[0.13043779]
283;5;[0.1305507]
283;6;[0.13067336]
283;7;[0.13080688]
283;8;[0.1309521]
283;9;[0.13111039]
283;10;[0.13128315]
283;11;[0.13147189]
283;12;[0.13167873]
283;13;[0.13190533]
283;14;[0.13215421]
284;1;[0.13013951]
284;2;[0.1302267]
284;3;[0.13032171]
284;4;[0.13042508]
284;5;[0.1305374]
284;6;[0.1306595]
284;7;[0.13079222]
284;8;[0.13093658]
284;9;[0.13109389]
284;10;[0.13126533]
284;11;[0.13145283]
284;12;[0.13165796]
284;13;[0.13188265]
284;14;[0.13212919]
285;1;[0.13012797]
285;2;[0.13021487]
285;3;[0.13030952]
285;4;[0.13041247]
285;5;[0.13052428]
285;6;[0.13064584]
285;7;[0.13077769]
285;8;[0.13092123]
285;9;[0.13107742]
285;10;[0.13124773]
285;11;[0.13143386]
285;12;[0.13163722]
285;13;[0.13186009]
285;14;[0.13210447]
286;1;[0.13011633]
286;2;[0.13020314]
286;3;[0.1302974]
286;4;[0.13039991]
286;5;[0.13051125]
286;6;[0.13063203]
286;7;[0.13076335]
286;8;[0.13090596]
286;9;[0.13106109]
286;10;[0.13123031]
286;11;[0.13141492]
286;12;[0.13161676]
286;13;[0.13183776]
286;14;[0.13208015]
287;1;[0.13010508]
287;2;[0.13019139]
287;3;[0.13028543]
287;4;[0.13038762]
287;5;[0.13049825]
287;6;[0.13061856]
287;7;[0.13074908]
287;8;[0.1308908]
287;9;[0.13104498]
287;10;[0.13121304]
287;11;[0.13139625]
287;12;[0.13159649]
287;13;[0.1318157]
287;14;[0.13205598]
288;1;[0.13009362]
288;2;[0.13017972]
288;3;[0.13027333]
288;4;[0.13037507]
288;5;[0.13048533]
288;6;[0.13060501]
288;7;[0.13073479]
288;8;[0.13087578]
288;9;[0.13102901]
288;10;[0.13119578]
288;11;[0.13137771]
288;12;[0.13157652]
288;13;[0.13179395]
288;14;[0.13203189]
289;1;[0.13008225]
289;2;[0.13016811]
289;3;[0.13026145]
289;4;[0.1303626]
289;5;[0.13047256]
289;6;[0.1305915]
289;7;[0.13072076]
289;8;[0.13086091]
289;9;[0.13101308]
289;10;[0.13117875]
289;11;[0.13135935]
289;12;[0.13155651]
289;13;[0.13177226]
289;14;[0.13200836]
290;1;[0.1300709]
290;2;[0.1301565]
290;3;[0.13024949]
290;4;[0.13035041]
290;5;[0.13045976]
290;6;[0.13057819]
290;7;[0.13070661]
290;8;[0.13084608]
290;9;[0.13099729]
290;10;[0.13116194]
290;11;[0.13134114]
290;12;[0.13153686]
290;13;[0.13175075]
290;14;[0.13198486]
291;1;[0.13005964]
291;2;[0.13014494]
291;3;[0.13023767]
291;4;[0.13033812]
291;5;[0.13044703]
291;6;[0.13056496]
291;7;[0.13069272]
291;8;[0.13083132]
291;9;[0.13098167]
291;10;[0.13114515]
291;11;[0.13132301]
291;12;[0.13151734]
291;13;[0.13172963]
291;14;[0.13196173]
292;1;[0.13004847]
292;2;[0.13013351]
292;3;[0.13022588]
292;4;[0.13032593]
292;5;[0.13043435]
292;6;[0.13055179]
292;7;[0.13067886]
292;8;[0.13081671]
292;9;[0.13096604]
292;10;[0.13112846]
292;11;[0.13130534]
292;12;[0.13149802]
292;13;[0.13170862]
292;14;[0.1319387]
293;1;[0.13003737]
293;2;[0.130122]
293;3;[0.13021412]
293;4;[0.13031387]
293;5;[0.1304218]
293;6;[0.13053864]
293;7;[0.13066506]
293;8;[0.1308021]
293;9;[0.1309506]
293;10;[0.13111208]
293;11;[0.13128757]
293;12;[0.13147888]
293;13;[0.13168773]
293;14;[0.13191608]
294;1;[0.13002619]
294;2;[0.13011064]
294;3;[0.13020235]
294;4;[0.13030177]
294;5;[0.1304093]
294;6;[0.13052553]
294;7;[0.1306514]
294;8;[0.13078758]
294;9;[0.1309353]
294;10;[0.13109572]
294;11;[0.13126996]
294;12;[0.13145988]
294;13;[0.1316671]
294;14;[0.1318935]
295;1;[0.13001494]
295;2;[0.13009934]
295;3;[0.13019079]
295;4;[0.13028982]
295;5;[0.1303969]
295;6;[0.13051261]
295;7;[0.13063791]
295;8;[0.1307734]
295;9;[0.13092028]
295;10;[0.13107945]
295;11;[0.13125254]
295;12;[0.13144106]
295;13;[0.13164672]
295;14;[0.13187118]
296;1;[0.13000391]
296;2;[0.13008806]
296;3;[0.1301791]
296;4;[0.1302778]
296;5;[0.13038464]
296;6;[0.13049977]
296;7;[0.13062453]
296;8;[0.13075913]
296;9;[0.13090512]
296;10;[0.13106342]
296;11;[0.13123527]
296;12;[0.13142242]
296;13;[0.13162647]
296;14;[0.13184917]
297;1;[0.12999284]
297;2;[0.13007666]
297;3;[0.13016768]
297;4;[0.13026594]
297;5;[0.13037223]
297;6;[0.13048695]
297;7;[0.13061096]
297;8;[0.13074507]
297;9;[0.13089012]
297;10;[0.13104755]
297;11;[0.1312182]
297;12;[0.13140404]
297;13;[0.13160634]
297;14;[0.13182735]
298;1;[0.12998185]
298;2;[0.13006553]
298;3;[0.1301561]
298;4;[0.13025416]
298;5;[0.13035987]
298;6;[0.13047421]
298;7;[0.1305977]
298;8;[0.13073097]
298;9;[0.13087524]
298;10;[0.13103163]
298;11;[0.13120122]
298;12;[0.13138571]
298;13;[0.13158661]
298;14;[0.1318057]
299;1;[0.12997088]
299;2;[0.13005441]
299;3;[0.13014466]
299;4;[0.1302423]
299;5;[0.13034779]
299;6;[0.1304617]
299;7;[0.13058448]
299;8;[0.13071707]
299;9;[0.13086058]
299;10;[0.1310158]
299;11;[0.13118443]
299;12;[0.13136758]
299;13;[0.13156691]
299;14;[0.13178432]
