1;1;0.36285976
1;2;0.6786952
1;3;0.96665365
1;4;1.2134802
1;5;1.4192541
1;6;1.5932
1;7;1.728927
1;8;1.8319876
1;9;1.9107985
1;10;1.972512
1;11;2.020458
1;12;2.0577507
1;13;2.0864995
1;14;2.108758
2;1;0.28080288
2;2;0.5427842
2;3;0.8312718
2;4;1.0871171
2;5;1.3047527
2;6;1.4848758
2;7;1.6287035
2;8;1.7398894
2;9;1.8303362
2;10;1.9081511
2;11;1.9684412
2;12;2.01285
2;13;2.0456188
2;14;2.0719101
3;1;0.24435428
3;2;0.42256472
3;3;0.6752897
3;4;0.93341655
3;5;1.162003
3;6;1.3568068
3;7;1.5189778
3;8;1.6420586
3;9;1.7431986
3;10;1.823657
3;11;1.8857291
3;12;1.9336574
3;13;1.98052
3;14;2.0183814
4;1;0.22957668
4;2;0.3550236
4;3;0.5332531
4;4;0.7644674
4;5;0.997894
4;6;1.1993011
4;7;1.3782183
4;8;1.5258409
4;9;1.6436318
4;10;1.7322575
4;11;1.8030897
4;12;1.8614466
4;13;1.9091988
4;14;1.9455922
5;1;0.22313645
5;2;0.3059342
5;3;0.44087455
5;4;0.61081296
5;5;0.81979924
5;6;1.0318067
5;7;1.2125611
5;8;1.3776289
5;9;1.516424
5;10;1.6285915
5;11;1.7133974
5;12;1.7806027
5;13;1.832657
5;14;1.8771716
6;1;0.21868348
6;2;0.2744964
6;3;0.37495175
6;4;0.5019957
6;5;0.66085804
6;6;0.8519916
6;7;1.0454118
6;8;1.2111784
6;9;1.3650491
6;10;1.4962746
6;11;1.605123
6;12;1.686527
6;13;1.7526438
6;14;1.8044562
7;1;0.21602759
7;2;0.257381
7;3;0.32360289
7;4;0.42787924
7;5;0.54694664
7;6;0.69300115
7;7;0.8692255
7;8;1.046441
7;9;1.203311
7;10;1.3470473
7;11;1.4711758
7;12;1.5758752
7;13;1.6559781
7;14;1.7210956
8;1;0.21558276
8;2;0.2454009
8;3;0.29420713
8;4;0.36674765
8;5;0.46413293
8;6;0.5784026
8;7;0.71656483
8;8;0.87767035
8;9;1.0420487
8;10;1.1911516
8;11;1.3268652
8;12;1.4449524
8;13;1.5445713
8;14;1.6227689
9;1;0.2162624
9;2;0.23497134
9;3;0.27366588
9;4;0.32234937
9;5;0.40111265
9;6;0.48944482
9;7;0.6001887
9;8;0.7326229
9;9;0.88147885
9;10;1.0344893
9;11;1.1777996
9;12;1.306097
9;13;1.4196293
9;14;1.5141165
10;1;0.21714637
10;2;0.22799987
10;3;0.25685224
10;4;0.2974856
10;5;0.346602
10;6;0.42564216
10;7;0.5111037
10;8;0.61679775
10;9;0.74412966
10;10;0.8834165
10;11;1.0256754
10;12;1.1640471
10;13;1.2865517
10;14;1.395278
11;1;0.22115609
11;2;0.22353312
11;3;0.24422437
11;4;0.27869153
11;5;0.3133829
11;6;0.37073937
11;7;0.44420335
11;8;0.5297233
11;9;0.6309211
11;10;0.75273865
11;11;0.8840438
11;12;1.0168586
11;13;1.1496996
11;14;1.2685024
12;1;0.2265864
12;2;0.22061214
12;3;0.23262683
12;4;0.26010293
12;5;0.29048508
12;6;0.328652
12;7;0.38923264
12;8;0.4591109
12;9;0.5447124
12;10;0.6454449
12;11;0.7603614
12;12;0.8841354
12;13;1.0087556
12;14;1.1370349
13;1;0.23045883
13;2;0.22436944
13;3;0.22342947
13;4;0.24355298
13;5;0.27291054
13;6;0.29996297
13;7;0.34258145
13;8;0.40526366
13;9;0.47556004
13;10;0.5577386
13;11;0.65816134
13;12;0.76779574
13;13;0.88560027
13;14;1.0035523
14;1;0.23286682
14;2;0.22774777
14;3;0.22293204
14;4;0.22934955
14;5;0.25350136
14;6;0.2790655
14;7;0.31311592
14;8;0.35702983
14;9;0.4200599
14;10;0.49057153
14;11;0.5702049
14;12;0.6714456
14;13;0.77653795
14;14;0.8886985
15;1;0.23425344
15;2;0.23001829
15;3;0.22504663
15;4;0.22102714
15;5;0.23591077
15;6;0.26078248
15;7;0.2851728
15;8;0.3248219
15;9;0.372133
15;10;0.43442312
15;11;0.50601834
15;12;0.58696675
15;13;0.6841398
15;14;0.78520817
16;1;0.23483327
16;2;0.23081815
16;3;0.22675613
16;4;0.22079554
16;5;0.22341251
16;6;0.24311349
16;7;0.2651926
16;8;0.2976874
16;9;0.3355665
16;10;0.387962
16;11;0.45024335
16;12;0.5204686
16;13;0.6033353
16;14;0.6963922
17;1;0.23461777
17;2;0.23094949
17;3;0.22782153
17;4;0.22119501
17;5;0.21913612
17;6;0.22629508
17;7;0.24770847
17;8;0.2709626
17;9;0.30884084
17;10;0.34620032
17;11;0.40253434
17;12;0.46601787
17;13;0.5340471
17;14;0.6190193
18;1;0.23413834
18;2;0.23046234
18;3;0.22740999
18;4;0.22170052
18;5;0.21789107
18;6;0.2203576
18;7;0.2307848
18;8;0.25124612
18;9;0.2820925
18;10;0.31902614
18;11;0.36035904
18;12;0.41717073
18;13;0.48131904
18;14;0.5503968
19;1;0.23362789
19;2;0.22945234
19;3;0.22632954
19;4;0.22172898
19;5;0.21662387
19;6;0.2160717
19;7;0.22191787
19;8;0.23428658
19;9;0.25811028
19;10;0.29280525
19;11;0.33008972
19;12;0.37521827
19;13;0.4337931
19;14;0.4959506
20;1;0.23342097
20;2;0.22801068
20;3;0.22485965
20;4;0.22111687
20;5;0.2151643
20;6;0.21398091
20;7;0.2158201
20;8;0.22247022
20;9;0.23760054
20;10;0.26739573
20;11;0.30352888
20;12;0.34038284
20;13;0.3898568
20;14;0.44979873
21;1;0.23277494
21;2;0.22644767
21;3;0.22307369
21;4;0.21945935
21;5;0.21468031
21;6;0.21228555
21;7;0.21211135
21;8;0.21668014
21;9;0.22337815
21;10;0.24599406
21;11;0.2780434
21;12;0.31479833
21;13;0.35110524
21;14;0.40555546
22;1;0.23155007
22;2;0.22563517
22;3;0.22103828
22;4;0.217594
22;5;0.21392462
22;6;0.21048963
22;7;0.20990026
22;8;0.21076801
22;9;0.21553728
22;10;0.2259183
22;11;0.25470725
22;12;0.2895089
22;13;0.32518595
22;14;0.3660406
23;1;0.2298111
23;2;0.22453138
23;3;0.2189787
23;4;0.21557182
23;5;0.21242315
23;6;0.20854071
23;7;0.20797125
23;8;0.20801729
23;9;0.2111479
23;10;0.216243
23;11;0.23491627
23;12;0.26474142
23;13;0.30106655
23;14;0.33577415
24;1;0.2278868
24;2;0.22272685
24;3;0.21788228
24;4;0.2134361
24;5;0.21043539
24;6;0.20725203
24;7;0.20615888
24;8;0.20587829
24;9;0.20623049
24;10;0.20976707
24;11;0.21958867
24;12;0.24383473
24;13;0.2768516
24;14;0.31185198
25;1;0.22582203
25;2;0.2207923
25;3;0.21619332
25;4;0.21131659
25;5;0.20837495
25;6;0.20622426
25;7;0.20424739
25;8;0.20408744
25;9;0.20421973
25;10;0.2056489
25;11;0.20953956
25;12;0.22550684
25;13;0.25325543
25;14;0.28871092
26;1;0.22365493
26;2;0.21876502
26;3;0.2143367
26;4;0.20988676
26;5;0.20624295
26;6;0.2043077
26;7;0.20226681
26;8;0.20238176
26;9;0.20228338
26;10;0.20225403
26;11;0.20453006
26;12;0.21444649
26;13;0.23414662
26;14;0.26547813
27;1;0.2214182
27;2;0.21667403
27;3;0.21241856
27;4;0.20834428
27;5;0.20365337
27;6;0.20217368
27;7;0.20059523
27;8;0.20060655
27;9;0.20082358
27;10;0.20090017
27;11;0.20073017
27;12;0.20393577
27;13;0.22035015
27;14;0.2442672
28;1;0.21913806
28;2;0.21454337
28;3;0.21046022
28;4;0.20676729
28;5;0.20228824
28;6;0.19974509
28;7;0.19893852
28;8;0.19877413
28;9;0.1992887
28;10;0.1995059
28;11;0.19899091
28;12;0.19991955
28;13;0.20985311
28;14;0.22637033
29;1;0.2168374
29;2;0.21239358
29;3;0.20848027
29;4;0.20501715
29;5;0.20094144
29;6;0.19739717
29;7;0.19668108
29;8;0.19643512
29;9;0.19746682
29;10;0.19823632
29;11;0.1980187
29;12;0.1968548
29;13;0.20104152
29;14;0.216099
30;1;0.21453401
30;2;0.21024162
30;3;0.20649478
30;4;0.20321485
30;5;0.19957703
30;6;0.19600955
30;7;0.19450873
30;8;0.19425479
30;9;0.19536754
30;10;0.19643298
30;11;0.1971929
30;12;0.19632462
30;13;0.19595304
30;14;0.20618933
31;1;0.21224359
31;2;0.20810065
31;3;0.2045159
31;4;0.20141223
31;5;0.19820419
31;6;0.19487286
31;7;0.19242021
31;8;0.19232449
31;9;0.19332865
31;10;0.19459149
31;11;0.19559288
31;12;0.19551343
31;13;0.19375718
31;14;0.1990022
32;1;0.2099773
32;2;0.20598254
32;3;0.20255482
32;4;0.19961956
32;5;0.19683215
32;6;0.1937246
32;7;0.19093493
32;8;0.19041124
32;9;0.19135034
32;10;0.19279534
32;11;0.19402266
32;12;0.19456041
32;13;0.19388393
32;14;0.19248444
33;1;0.20774508
33;2;0.20389563
33;3;0.20061937
33;4;0.19784546
33;5;0.19546756
33;6;0.1925717
33;7;0.19000337
33;8;0.18857607
33;9;0.18904829
33;10;0.1910438
33;11;0.19248101
33;12;0.19358277
33;13;0.19321609
33;14;0.1915186
34;1;0.20555487
34;2;0.20184723
34;3;0.19871709
34;4;0.19609666
34;5;0.19394135
34;6;0.19142005
34;7;0.18906012
34;8;0.18692061
34;9;0.18730429
34;10;0.18933758
34;11;0.19096765
34;12;0.19230467
34;13;0.19256249
34;14;0.19194376
35;1;0.2034125
35;2;0.19984326
35;3;0.19685292
35;4;0.19437909
35;5;0.19238392
35;6;0.190274
35;7;0.18811011
35;8;0.18617857
35;9;0.18570623
35;10;0.18747857
35;11;0.18948305
35;12;0.19103828
35;13;0.19191799
35;14;0.19150263
36;1;0.20132208
36;2;0.1978873
36;3;0.1950314
36;4;0.19269672
36;5;0.19085088
36;6;0.18913835
36;7;0.18715772
36;8;0.18542165
36;9;0.184172
36;10;0.1852102
36;11;0.18802658
36;12;0.18978402
36;13;0.1911816
36;14;0.19111827
37;1;0.19928691
37;2;0.19598341
37;3;0.19325563
37;4;0.19105294
37;5;0.18934646
37;6;0.1880165
37;7;0.1862072
37;8;0.18465272
37;9;0.18324631
37;10;0.18365562
37;11;0.18651393
37;12;0.18854117
37;13;0.19016466
37;14;0.19072628
38;1;0.19730929
38;2;0.1941326
38;3;0.19152758
38;4;0.1894508
38;5;0.18787351
38;6;0.18671522
38;7;0.18526158
38;8;0.18387666
38;9;0.18265396
38;10;0.182325
38;11;0.18446818
38;12;0.18731013
38;13;0.18914324
38;14;0.19032422
39;1;0.19539133
39;2;0.19233662
39;3;0.18984932
39;4;0.18789154
39;5;0.18643492
39;6;0.18540081
39;7;0.18432376
39;8;0.18309614
39;9;0.18204454
39;10;0.181065
39;11;0.18250191
39;12;0.1860581
39;13;0.18811771
39;14;0.18976521
40;1;0.19353288
40;2;0.19065845
40;3;0.1883027
40;4;0.18637893
40;5;0.18503228
40;6;0.18411255
40;7;0.18339637
40;8;0.18231472
40;9;0.18142146
40;10;0.180617
40;11;0.1811352
40;12;0.18421298
40;13;0.18708932
40;14;0.1889528
41;1;0.1921607
41;2;0.18947232
41;3;0.18724266
41;4;0.18544707
41;5;0.18405133
41;6;0.1829851
41;7;0.18238592
41;8;0.18153471
41;9;0.18078744
41;10;0.18014571
41;11;0.18002155
41;12;0.18243086
41;13;0.18602288
41;14;0.18812221
42;1;0.19087753
42;2;0.18831503
42;3;0.1862059
42;4;0.18453112
42;5;0.1832538
42;6;0.18230757
42;7;0.18162048
42;8;0.18075827
42;9;0.18014607
42;10;0.17965421
42;11;0.17918691
42;12;0.1807091
42;13;0.18435767
42;14;0.1872738
43;1;0.18962917
43;2;0.18718717
43;3;0.18519282
43;4;0.18363231
43;5;0.18246558
43;6;0.18163052
43;7;0.1810599
43;8;0.18051079
43;9;0.17954716
43;10;0.17914575
43;11;0.17883459
43;12;0.17951763
43;13;0.18274045
43;14;0.18633023
44;1;0.1884157
44;2;0.18608949
44;3;0.18420473
44;4;0.18275154
44;5;0.18168807
44;6;0.18095627
44;7;0.18049291
44;8;0.18022901
44;9;0.17946517
44;10;0.17870632
44;11;0.17845628
44;12;0.17857537
44;13;0.18116874
44;14;0.18482643
45;1;0.18724105
45;2;0.18502247
45;3;0.18324223
45;4;0.18189034
45;5;0.1809231
45;6;0.18028659
45;7;0.17992166
45;8;0.17976385
45;9;0.17935458
45;10;0.17873558
45;11;0.17811772
45;12;0.17800748
45;13;0.1796403
45;14;0.1833567
46;1;0.18609181
46;2;0.1839853
46;3;0.18230519
46;4;0.18104857
46;5;0.18017179
46;6;0.1796236
46;7;0.17934892
46;8;0.17928788
46;9;0.17921796
46;10;0.178729
46;11;0.17825586
46;12;0.17772597
46;13;0.17860892
46;14;0.18191925
47;1;0.1849438
47;2;0.18297848
47;3;0.18139389
47;4;0.18022725
47;5;0.17943501
47;6;0.1789684
47;7;0.17877665
47;8;0.1788038
47;9;0.17898825
47;10;0.17868957
47;11;0.17835072
47;12;0.17796603
47;13;0.17779821
47;14;0.18051216
48;1;0.18383348
48;2;0.18200862
48;3;0.18050826
48;4;0.17942646
48;5;0.17871323
48;6;0.17832226
48;7;0.17820653
48;8;0.17831394
48;9;0.17858735
48;10;0.17862135
48;11;0.17840621
48;12;0.17816237
48;13;0.17781132
48;14;0.17913449
49;1;0.18276003
49;2;0.1810717
49;3;0.17964819
49;4;0.1786468
49;5;0.17800719
49;6;0.17768666
49;7;0.17764059
49;8;0.17782107
49;9;0.17817429
49;10;0.17852661
49;11;0.17842579
49;12;0.178312
49;13;0.17811057
49;14;0.17852741
50;1;0.18172273
50;2;0.18016315
50;3;0.17881563
50;4;0.17788768
50;5;0.17731729
50;6;0.1770621
50;7;0.1770795
50;8;0.17732587
50;9;0.17775153
50;10;0.17830122
50;11;0.17841285
50;12;0.17841932
50;13;0.17835617
50;14;0.17834541
51;1;0.1807198
51;2;0.1792835
51;3;0.1780183
51;4;0.17714958
51;5;0.17664397
51;6;0.17644882
51;7;0.17652498
51;8;0.17683104
51;9;0.17732203
51;10;0.17794609
51;11;0.17837033
51;12;0.17848712
51;13;0.17855239
51;14;0.17849216
52;1;0.17975086
52;2;0.17843199
52;3;0.17724556
52;4;0.17643186
52;5;0.17598721
52;6;0.17584799
52;7;0.17597777
52;8;0.17633781
52;9;0.176887
52;10;0.17757758
52;11;0.17830151
52;12;0.17851985
52;13;0.17870283
52;14;0.17878011
53;1;0.17881465
53;2;0.1775688
53;3;0.17649665
53;4;0.1757459
53;5;0.17534697
53;6;0.17525974
53;7;0.17543855
53;8;0.17584771
53;9;0.17644885
53;10;0.17719865
53;11;0.1780465
53;12;0.17851964
53;13;0.17881131
53;14;0.17901602
54;1;0.17791021
54;2;0.17672881
54;3;0.17577088
54;4;0.17508337
54;5;0.17472348
54;6;0.17468423
54;7;0.17490822
54;8;0.17536163
54;9;0.17600937
54;10;0.17681137
54;11;0.17772177
54;12;0.17849013
54;13;0.17888114
54;14;0.17920312
55;1;0.17703608
55;2;0.17591694
55;3;0.17506802
55;4;0.17444015
55;5;0.17412287
55;6;0.17412221
55;7;0.17438722
55;8;0.17488047
55;9;0.17556968
55;10;0.1764178
55;11;0.17738327
55;12;0.17841557
55;13;0.17891547
55;14;0.17934585
56;1;0.17619193
56;2;0.17513229
56;3;0.17438707
56;4;0.17381573
56;5;0.17354855
56;6;0.17357314
56;7;0.17387587
56;8;0.17440519
56;9;0.175131
56;10;0.17602022
56;11;0.17703348
56;12;0.17812556
56;13;0.1789178
56;14;0.17944676
57;1;0.17537618
57;2;0.17437403
57;3;0.17372768
57;4;0.17321014
57;5;0.1729897
57;6;0.17303734
57;7;0.17337456
57;8;0.17393634
57;9;0.17469466
57;10;0.17561927
57;11;0.1766747
57;12;0.17781916
57;13;0.17889088
57;14;0.17950976
58;1;0.17458728
58;2;0.1736412
58;3;0.173051
58;4;0.17262276
58;5;0.17244612
58;6;0.17253232
58;7;0.17288393
58;8;0.17347471
58;9;0.17426181
58;10;0.17521703
58;11;0.17630872
58;12;0.17749864
58;13;0.17874071
58;14;0.17953801
59;1;0.17382339
59;2;0.17293307
59;3;0.17238963
59;4;0.17205277
59;5;0.17191803
59;6;0.17204025
59;7;0.17240374
59;8;0.17302072
59;9;0.1738331
59;10;0.17481488
59;11;0.17593744
59;12;0.17716643
59;13;0.1784597
59;14;0.17953467
60;1;0.17308572
60;2;0.17224854
60;3;0.17174971
60;4;0.17150068
60;5;0.17140451
60;6;0.17156053
60;7;0.1719443
60;8;0.17257483
60;9;0.17340901
60;10;0.17441374
60;11;0.1755628
60;12;0.17682502
60;13;0.17816183
60;14;0.17950246
61;1;0.17237324
61;2;0.17158699
61;3;0.17113048
61;4;0.1709649
61;5;0.17090628
61;6;0.17109293
61;7;0.17150386
61;8;0.17213714
61;9;0.17299047
61;10;0.17401475
61;11;0.17518592
61;12;0.17647578
61;13;0.17785005
61;14;0.17926544
62;1;0.17168483
62;2;0.17094743
62;3;0.17053151
62;4;0.17041177
62;5;0.17042166
62;6;0.17063779
62;7;0.17107338
62;8;0.17170808
62;9;0.172578
62;10;0.17361876
62;11;0.174808
62;12;0.17612115
62;13;0.17752647
62;14;0.1789853
63;1;0.17101964
63;2;0.17032942
63;3;0.16995178
63;4;0.16986331
63;5;0.16995099
63;6;0.1701944
63;7;0.17065282
63;8;0.17130715
63;9;0.17217204
63;10;0.17322612
63;11;0.17443064
63;12;0.1757622
63;13;0.17719358
63;14;0.17868918
64;1;0.17037673
64;2;0.1697315
64;3;0.1693911
64;4;0.16933236
64;5;0.16949423
64;6;0.16976309
64;7;0.17024237
64;8;0.17091414
64;9;0.17177284
64;10;0.17283818
64;11;0.17405427
64;12;0.1754007
64;13;0.17685288
64;14;0.17837876
65;1;0.16975582
65;2;0.16915369
65;3;0.16884843
65;4;0.16881785
65;5;0.16904154
65;6;0.16934314
65;7;0.16984165
65;8;0.1705288
65;9;0.17138922
65;10;0.17245492
65;11;0.17368001
65;12;0.17503813
65;13;0.17650634
65;14;0.17805713
66;1;0.16915566
66;2;0.16859484
66;3;0.16832335
66;4;0.1683194
66;5;0.1685636
66;6;0.16893464
66;7;0.16945085
66;8;0.17015237
66;9;0.171024
66;10;0.17207748
66;11;0.17330897
66;12;0.17467508
66;13;0.17615598
66;14;0.17772609
67;1;0.16857538
67;2;0.16805443
67;3;0.16781503
67;4;0.16783646
67;5;0.16809982
67;6;0.1685369
67;7;0.16906983
67;8;0.16978401
67;9;0.1706653
67;10;0.1717053
67;11;0.17294154
67;12;0.17431322
67;13;0.17580247
67;14;0.17738774
68;1;0.16801429
68;2;0.16753128
68;3;0.16732281
68;4;0.1673685
68;5;0.16765006
68;6;0.1681506
68;7;0.16869798
68;8;0.16942346
68;9;0.17031363
68;10;0.1713552
68;11;0.17257807
68;12;0.17395265
68;13;0.1754477
68;14;0.1770435
69;1;0.16747192
69;2;0.16702545
69;3;0.16684657
69;4;0.16691488
69;5;0.1672135
69;6;0.16772708
69;7;0.1683358
69;8;0.16907111
69;9;0.16996849
69;10;0.17101519
69;11;0.17221963
69;12;0.17359474
69;13;0.17509237
69;14;0.17669514
70;1;0.16694751
70;2;0.16653633
70;3;0.16638519
70;4;0.16647518
70;5;0.1667898
70;6;0.16731437
70;7;0.16798265
70;8;0.16872722
70;9;0.16963011
70;10;0.17068043
70;11;0.17186758
70;12;0.17324011
70;13;0.17473796
70;14;0.1763444
71;1;0.16644041
71;2;0.1660625
71;3;0.16593836
71;4;0.16604927
71;5;0.1663788
71;6;0.16691324
71;7;0.16763851
71;8;0.16839096
71;9;0.16929887
71;10;0.17035171
71;11;0.17153972
71;12;0.17288938
71;13;0.17438495
71;14;0.1759918
72;1;0.16595007
72;2;0.16560438
72;3;0.16550574
72;4;0.16563621
72;5;0.16597962
72;6;0.16652358
72;7;0.16725515
72;8;0.16806275
72;9;0.1689747
72;10;0.17002907
72;11;0.17121637
72;12;0.17254275
72;13;0.1740344
72;14;0.17563906
73;1;0.16547541
73;2;0.16516086
73;3;0.16508654
73;4;0.16523555
73;5;0.16559252
73;6;0.1661447
73;7;0.16688044
73;8;0.1677424
73;9;0.16865726
73;10;0.16971202
73;11;0.17089817
73;12;0.17220733
73;13;0.1736868
73;14;0.1752871
74;1;0.16501641
74;2;0.16473165
74;3;0.16468057
74;4;0.16484725
74;5;0.16521657
74;6;0.16577658
74;7;0.16651589
74;8;0.1674253
74;9;0.16834694
74;10;0.16940129
74;11;0.17058504
74;12;0.17189068
74;13;0.17334291
74;14;0.17493665
75;1;0.16457206
75;2;0.16431558
75;3;0.16428706
75;4;0.16447043
75;5;0.16485158
75;6;0.16541877
75;7;0.16616118
75;8;0.1670697
75;9;0.16804335
75;10;0.16909686
75;11;0.17027715
75;12;0.17157805
75;13;0.17300287
75;14;0.1745888
76;1;0.16414252
76;2;0.16391304
76;3;0.16390574
76;4;0.16410516
76;5;0.16449714
76;6;0.16507083
76;7;0.16581568
76;8;0.16672331
76;9;0.16774638
76;10;0.16879818
76;11;0.16997483
76;12;0.17127028
76;13;0.17267838
76;14;0.17424378
77;1;0.16372633
77;2;0.16352293
77;3;0.16353622
77;4;0.16375038
77;5;0.16415295
77;6;0.16473264
77;7;0.16547936
77;8;0.16638546
77;9;0.16744271
77;10;0.16850597
77;11;0.16967815
77;12;0.17096707
77;13;0.17236748
77;14;0.17390214
78;1;0.16332373
78;2;0.16314545
78;3;0.16317798
78;4;0.16340652
78;5;0.16381863
78;6;0.1644036
78;7;0.16515216
78;8;0.1660563
78;9;0.16710827
78;10;0.16821949
78;11;0.16938701
78;12;0.17066887
78;13;0.17206109
78;14;0.17356479
79;1;0.16292524
79;2;0.16277364
79;3;0.16283059
79;4;0.16307256
79;5;0.16349405
79;6;0.1640841
79;7;0.16483365
79;8;0.16573554
79;9;0.16678229
79;10;0.16793925
79;11;0.16910124
79;12;0.17037585
79;13;0.17175859
79;14;0.1732463
80;1;0.16253486
80;2;0.16240756
80;3;0.1624853
80;4;0.16274866
80;5;0.16317838
80;6;0.16377291
80;7;0.16452372
80;8;0.16542278
80;9;0.16646406
80;10;0.1676411
80;11;0.16882107
80;12;0.17008786
80;13;0.1714611
80;14;0.1729376
81;1;0.1621569
81;2;0.16205284
81;3;0.16214868
81;4;0.16243011
81;5;0.16287178
81;6;0.16347045
81;7;0.1642218
81;8;0.16511819
81;9;0.16615346
81;10;0.16732216
81;11;0.16854641
81;12;0.16980484
81;13;0.17116809
81;14;0.17263353
82;1;0.16179124
82;2;0.1617093
82;3;0.16182205
82;4;0.16211593
82;5;0.16257383
82;6;0.16317597
82;7;0.16392753
82;8;0.16482103
82;9;0.1658504
82;10;0.16701008
82;11;0.16827768
82;12;0.16952746
82;13;0.1708802
82;14;0.17233357
83;1;0.161437
83;2;0.16137621
83;3;0.16150561
83;4;0.16181117
83;5;0.16228127
83;6;0.16288963
83;7;0.16364095
83;8;0.16453144
83;9;0.16555482
83;10;0.16670567
83;11;0.1679799
83;12;0.16925529
83;13;0.17059726
83;14;0.17203826
84;1;0.16109413
84;2;0.16105373
84;3;0.1611985
84;4;0.1615152
84;5;0.16199225
84;6;0.16261089
84;7;0.16336215
84;8;0.16424912
84;9;0.16526625
84;10;0.1664083
84;11;0.16767105
84;12;0.16898802
84;13;0.17031935
84;14;0.17174739
85;1;0.1607621
85;2;0.16074121
85;3;0.16090065
85;4;0.16122797
85;5;0.16171184
85;6;0.16233963
85;7;0.16309011
85;8;0.16397387
85;9;0.16498466
85;10;0.1661179
85;11;0.16736922
85;12;0.1687263
85;13;0.17004609
85;14;0.17146161
86;1;0.16044033
86;2;0.16043797
86;3;0.1606115
86;4;0.16094881
86;5;0.16143902
86;6;0.16207327
86;7;0.16282517
86;8;0.1637051
86;9;0.16470975
86;10;0.1658341
86;11;0.16707423
86;12;0.16842648
86;13;0.16977865
86;14;0.17118075
87;1;0.16012856
87;2;0.16014409
87;3;0.16033104
87;4;0.16067782
87;5;0.16117394
87;6;0.16181067
87;7;0.16256705
87;8;0.16344303
87;9;0.16444153
87;10;0.16555724
87;11;0.1667858
87;12;0.16812447
87;13;0.16951588
87;14;0.17090476
88;1;0.15982676
88;2;0.15985897
88;3;0.16005889
88;4;0.16041446
88;5;0.160916
88;6;0.16155478
88;7;0.16231537
88;8;0.16318756
88;9;0.16417947
88;10;0.16528636
88;11;0.16650403
88;12;0.16782898
88;13;0.16925812
88;14;0.17063397
89;1;0.15953389
89;2;0.15958273
89;3;0.15979478
89;4;0.16015863
89;5;0.16066521
89;6;0.16130611
89;7;0.16206996
89;8;0.16293828
89;9;0.16392347
89;10;0.16502169
89;11;0.16622835
89;12;0.16754034
89;13;0.1689552
89;14;0.17036816
90;1;0.15925044
90;2;0.15931487
90;3;0.15953824
90;4;0.15991008
90;5;0.16042101
90;6;0.16106354
90;7;0.16183078
90;8;0.1626949
90;9;0.16367376
90;10;0.16476318
90;11;0.16595915
90;12;0.16725771
90;13;0.16865739
90;14;0.170107
91;1;0.15897547
91;2;0.15905479
91;3;0.15928912
91;4;0.1596685
91;5;0.16018349
91;6;0.1608274
91;7;0.16159329
91;8;0.16245744
91;9;0.16343
91;10;0.16451058
91;11;0.1656957
91;12;0.1669814
91;13;0.1683658
91;14;0.16984755
92;1;0.15870911
92;2;0.15880232
92;3;0.15904714
92;4;0.15943342
92;5;0.15995273
92;6;0.16059773
92;7;0.16136214
92;8;0.16222559
92;9;0.16319166
92;10;0.16426393
92;11;0.1654383
92;12;0.16671115
92;13;0.16808075
92;14;0.16954526
93;1;0.1584506
93;2;0.1585575
93;3;0.15881208
93;4;0.15920484
93;5;0.15972768
93;6;0.16037354
93;7;0.16113627
93;8;0.16199914
93;9;0.16295877
93;10;0.16402248
93;11;0.1651865
93;12;0.16644692
93;13;0.16780186
93;14;0.16924934
94;1;0.15819988
94;2;0.15831974
94;3;0.15858376
94;4;0.15898255
94;5;0.1595087
94;6;0.16015512
94;7;0.16091627
94;8;0.16177809
94;9;0.16273119
94;10;0.16378641
94;11;0.1649403
94;12;0.16618836
94;13;0.16752884
94;14;0.16895992
95;1;0.15795699
95;2;0.15808907
95;3;0.15836191
95;4;0.15876673
95;5;0.15929544
95;6;0.15994224
95;7;0.16070151
95;8;0.16156213
95;9;0.16250873
95;10;0.16355562
95;11;0.16469896
95;12;0.16593534
95;13;0.16726199
95;14;0.1686765
96;1;0.15772101
96;2;0.15786499
96;3;0.15814623
96;4;0.15855613
96;5;0.15908793
96;6;0.15973473
96;7;0.16049185
96;8;0.16135108
96;9;0.16229132
96;10;0.16333
96;11;0.1644634
96;12;0.16568771
96;13;0.16700044
96;14;0.16839954
97;1;0.15749237
97;2;0.1576474
97;3;0.15793657
97;4;0.1583516
97;5;0.15888557
97;6;0.15953258
97;7;0.16028726
97;8;0.16114509
97;9;0.16207874
97;10;0.16310917
97;11;0.16423255
97;12;0.16544542
97;13;0.16674477
97;14;0.1681284
98;1;0.15727048
98;2;0.15743616
98;3;0.1577329
98;4;0.15815237
98;5;0.1586884
98;6;0.15933508
98;7;0.16008751
98;8;0.16094117
98;9;0.16187099
98;10;0.16289343
98;11;0.16400677
98;12;0.16520834
98;13;0.16649428
98;14;0.16786277
99;1;0.15705514
99;2;0.15723091
99;3;0.15753475
99;4;0.15795848
99;5;0.15849648
99;6;0.15914261
99;7;0.15989271
99;8;0.1607418
99;9;0.16166745
99;10;0.16268177
99;11;0.16378593
99;12;0.16497585
99;13;0.16624895
99;14;0.16760296
100;1;0.15684587
100;2;0.15703143
100;3;0.1573419
100;4;0.15776989
100;5;0.15830925
100;6;0.15895486
100;7;0.15970239
100;8;0.16054723
100;9;0.16146854
100;10;0.16247493
100;11;0.16356923
100;12;0.1647487
100;13;0.16600901
100;14;0.1673485
101;1;0.1566428
101;2;0.15683752
101;3;0.15715426
101;4;0.15758619
101;5;0.1581268
101;6;0.15877171
101;7;0.15951611
101;8;0.16035649
101;9;0.16127408
101;10;0.16227224
101;11;0.16335765
101;12;0.16452578
101;13;0.16577399
101;14;0.16709948
102;1;0.15644574
102;2;0.1566492
102;3;0.15697211
102;4;0.15740716
102;5;0.15794912
102;6;0.15859291
102;7;0.15933451
102;8;0.16017047
102;9;0.16108364
102;10;0.16207409
102;11;0.16315001
102;12;0.16430758
102;13;0.16554385
102;14;0.16685548
103;1;0.15625457
103;2;0.15646654
103;3;0.15679473
103;4;0.15723285
103;5;0.1577757
103;6;0.15841845
103;7;0.15915734
103;8;0.15998837
103;9;0.1608974
103;10;0.16187981
103;11;0.16294675
103;12;0.16409388
103;13;0.16531816
103;14;0.16661647
104;1;0.15606856
104;2;0.15628839
104;3;0.156622
104;4;0.1570631
104;5;0.15760651
104;6;0.15824775
104;7;0.1589837
104;8;0.15981036
104;9;0.16071466
104;10;0.16168962
104;11;0.16274744
104;12;0.16388443
104;13;0.16509712
104;14;0.16638252
105;1;0.15588799
105;2;0.15611553
105;3;0.15645391
105;4;0.15689757
105;5;0.15744147
105;6;0.15808138
105;7;0.15881398
105;8;0.1596362
105;9;0.16053593
105;10;0.16150321
105;11;0.16255209
105;12;0.16367903
105;13;0.16488025
105;14;0.16615286
106;1;0.15571278
106;2;0.15594718
106;3;0.1562904
106;4;0.1567362
106;5;0.15728053
106;6;0.15791917
106;7;0.15864843
106;8;0.15946555
106;9;0.16036108
106;10;0.16132066
106;11;0.16236073
106;12;0.16347766
106;13;0.16466781
106;14;0.16592811
107;1;0.1555422
107;2;0.1557835
107;3;0.15613101
107;4;0.15657929
107;5;0.1571235
107;6;0.15776035
107;7;0.15848628
107;8;0.1592989
107;9;0.16018987
107;10;0.16114154
107;11;0.16217318
107;12;0.16328031
107;13;0.16445976
107;14;0.16570768
108;1;0.15537658
108;2;0.15562418
108;3;0.15597594
108;4;0.15642571
108;5;0.15697016
108;6;0.15760532
108;7;0.15832782
108;8;0.15913558
108;9;0.1600219
108;10;0.16096629
108;11;0.16198921
108;12;0.16308668
108;13;0.16425541
108;14;0.16549134
109;1;0.15521567
109;2;0.15546948
109;3;0.15582484
109;4;0.1562765
109;5;0.15682071
109;6;0.15745366
109;7;0.15817302
109;8;0.15897578
109;9;0.15985763
109;10;0.16079454
109;11;0.16180861
109;12;0.16289681
109;13;0.16405484
109;14;0.16527948
110;1;0.15505931
110;2;0.15531889
110;3;0.15567765
110;4;0.15613088
110;5;0.15667468
110;6;0.1573056
110;7;0.15802136
110;8;0.15881929
110;9;0.15969622
110;10;0.1606257
110;11;0.16163144
110;12;0.16271025
110;13;0.16385809
110;14;0.16507155
111;1;0.15490732
111;2;0.15517217
111;3;0.15553448
111;4;0.15598881
111;5;0.15653211
111;6;0.15716097
111;7;0.15787321
111;8;0.1586661
111;9;0.15953752
111;10;0.1604605
111;11;0.16145766
111;12;0.16252738
111;13;0.16366512
111;14;0.16486752
112;1;0.15475935
112;2;0.15502957
112;3;0.15539458
112;4;0.15585017
112;5;0.15639278
112;6;0.15701938
112;7;0.15772781
112;8;0.15851595
112;9;0.15938137
112;10;0.16029835
112;11;0.16128749
112;12;0.1623477
112;13;0.16347572
112;14;0.16466707
113;1;0.15461567
113;2;0.15489057
113;3;0.15525845
113;4;0.15571493
113;5;0.15625688
113;6;0.15688099
113;7;0.15758573
113;8;0.15836887
113;9;0.15922809
113;10;0.1601392
113;11;0.16112009
113;12;0.16217151
113;13;0.1632894
113;14;0.16447051
114;1;0.15447596
114;2;0.1547555
114;3;0.15512574
114;4;0.15558314
114;5;0.15612397
114;6;0.15674597
114;7;0.1574466
114;8;0.15822493
114;9;0.15907809
114;10;0.15998289
114;11;0.16095597
114;12;0.16199839
114;13;0.1631068
114;14;0.1642774
115;1;0.15433985
115;2;0.15462352
115;3;0.15499645
115;4;0.15545434
115;5;0.15599412
115;6;0.15661329
115;7;0.15731063
115;8;0.15808356
115;9;0.15893102
115;10;0.15982968
115;11;0.16079465
115;12;0.16182849
115;13;0.16292733
115;14;0.16408762
116;1;0.15420741
116;2;0.15449543
116;3;0.15487024
116;4;0.15532881
116;5;0.15586719
116;6;0.15648407
116;7;0.15717745
116;8;0.15794528
116;9;0.15878676
116;10;0.15967917
116;11;0.16063622
116;12;0.16166148
116;13;0.16275111
116;14;0.16390109
117;1;0.1540789
117;2;0.15437046
117;3;0.15474749
117;4;0.155206
117;5;0.15574324
117;6;0.15635741
117;7;0.15704685
117;8;0.1578098
117;9;0.1586451
117;10;0.15953183
117;11;0.16048083
117;12;0.16149715
117;13;0.16257763
117;14;0.16371799
118;1;0.15395354
118;2;0.15424877
118;3;0.15462735
118;4;0.15508613
118;5;0.15562208
118;6;0.15623382
118;7;0.15691885
118;8;0.15767685
118;9;0.15850587
118;10;0.15938699
118;11;0.16032812
118;12;0.16133583
118;13;0.16240731
118;14;0.16353792
119;1;0.15383166
119;2;0.15413012
119;3;0.15451056
119;4;0.15496925
119;5;0.15550375
119;6;0.15611234
119;7;0.15679371
119;8;0.1575467
119;9;0.15836963
119;10;0.15924478
119;11;0.16017789
119;12;0.16117722
119;13;0.16223994
119;14;0.16336119
120;1;0.15371288
120;2;0.1540147
120;3;0.15439638
120;4;0.15485501
120;5;0.15538815
120;6;0.15599361
120;7;0.15667099
120;8;0.15741873
120;9;0.15823595
120;10;0.15910494
120;11;0.16003048
120;12;0.16102149
120;13;0.16207519
120;14;0.16318694
121;1;0.1535972
121;2;0.15390213
121;3;0.15428504
121;4;0.15474343
121;5;0.15527466
121;6;0.15587765
121;7;0.1565507
121;8;0.15729344
121;9;0.15810436
121;10;0.15896773
121;11;0.15988535
121;12;0.16086838
121;13;0.16191305
121;14;0.16301572
122;1;0.15348491
122;2;0.15379235
122;3;0.15417653
122;4;0.15463421
122;5;0.15516402
122;6;0.15576401
122;7;0.1564329
122;8;0.15717033
122;9;0.15797535
122;10;0.15883261
122;11;0.1597431
122;12;0.1607177
122;13;0.16175377
122;14;0.16284731
123;1;0.15337542
123;2;0.15368775
123;3;0.15407035
123;4;0.15452799
123;5;0.15505575
123;6;0.1556527
123;7;0.15631749
123;8;0.15704992
123;9;0.1578489
123;10;0.15870029
123;11;0.15960285
123;12;0.16056961
123;13;0.16159701
123;14;0.16268176
124;1;0.15327737
124;2;0.15359509
124;3;0.15396938
124;4;0.15442389
124;5;0.15494978
124;6;0.15554363
124;7;0.15620422
124;8;0.15693158
124;9;0.15772468
124;10;0.1585702
124;11;0.1594652
124;12;0.16042373
124;13;0.16144294
124;14;0.1625185
125;1;0.15318522
125;2;0.15350476
125;3;0.15387985
125;4;0.1543222
125;5;0.1548461
125;6;0.155437
125;7;0.15609343
125;8;0.15681544
125;9;0.15760258
125;10;0.15844226
125;11;0.15933004
125;12;0.16028044
125;13;0.16129094
125;14;0.16235815
126;1;0.15309575
126;2;0.15341696
126;3;0.1537925
126;4;0.15422285
126;5;0.15474465
126;6;0.15533215
126;7;0.15598479
126;8;0.15670153
126;9;0.15748249
126;10;0.15831631
126;11;0.15919678
126;12;0.16013929
126;13;0.16114156
126;14;0.16220015
127;1;0.15300858
127;2;0.1533314
127;3;0.15370691
127;4;0.1541341
127;5;0.15464537
127;6;0.15522964
127;7;0.15587807
127;8;0.15658972
127;9;0.1573649
127;10;0.15819296
127;11;0.1590659
127;12;0.1600005
127;13;0.16099447
127;14;0.16204447
128;1;0.15292382
128;2;0.15324783
128;3;0.15362363
128;4;0.15404987
128;5;0.15454826
128;6;0.1551294
128;7;0.15577331
128;8;0.15648004
128;9;0.15724924
128;10;0.15807167
128;11;0.15893692
128;12;0.15986389
128;13;0.1608496
128;14;0.16189131
129;1;0.15284108
129;2;0.1531665
129;3;0.15354246
129;4;0.1539678
129;5;0.15445325
129;6;0.15503109
129;7;0.15567085
129;8;0.15637234
129;9;0.1571356
129;10;0.15795219
129;11;0.1588104
129;12;0.15972945
129;13;0.16070718
129;14;0.16174021
130;1;0.1527603
130;2;0.15308702
130;3;0.1534631
130;4;0.1538871
130;5;0.15436023
130;6;0.15493454
130;7;0.15557015
130;8;0.1562663
130;9;0.15702397
130;10;0.15783486
130;11;0.15868556
130;12;0.15959702
130;13;0.16056666
130;14;0.1615916
131;1;0.15268204
131;2;0.1530096
131;3;0.15338564
131;4;0.15380856
131;5;0.15427828
131;6;0.1548402
131;7;0.15547141
131;8;0.15616283
131;9;0.1569142
131;10;0.15771946
131;11;0.15856296
131;12;0.1594668
131;13;0.1604284
131;14;0.16144484
132;1;0.15260585
132;2;0.15293428
132;3;0.15330988
132;4;0.15373182
132;5;0.15419924
132;6;0.15474765
132;7;0.1553745
132;8;0.15606084
132;9;0.15680644
132;10;0.15760592
132;11;0.15844223
132;12;0.1593385
132;13;0.160292
132;14;0.16130058
133;1;0.15253122
133;2;0.15286055
133;3;0.15323612
133;4;0.15365678
133;5;0.15412188
133;6;0.15465674
133;7;0.15527964
133;8;0.15596089
133;9;0.15670034
133;10;0.15749447
133;11;0.15832359
133;12;0.15921205
133;13;0.16015783
133;14;0.16115838
134;1;0.15245879
134;2;0.15278888
134;3;0.15316415
134;4;0.1535833
134;5;0.15404624
134;6;0.15456766
134;7;0.15518653
134;8;0.15586227
134;9;0.1565961
134;10;0.15738451
134;11;0.15820654
134;12;0.15908746
134;13;0.16002539
134;14;0.16101775
135;1;0.15238804
135;2;0.15271872
135;3;0.15309346
135;4;0.15351167
135;5;0.15397248
135;6;0.15448064
135;7;0.15509453
135;8;0.15576556
135;9;0.15649384
135;10;0.1572766
135;11;0.15809143
135;12;0.15896478
135;13;0.15989524
135;14;0.16087958
136;1;0.15231925
136;2;0.15265022
136;3;0.15302469
136;4;0.15344152
136;5;0.15390006
136;6;0.15440108
136;7;0.15500486
136;8;0.15567058
136;9;0.15639308
136;10;0.15717022
136;11;0.15797842
136;12;0.15884423
136;13;0.15976682
136;14;0.16074306
137;1;0.15225184
137;2;0.15258348
137;3;0.15295768
137;4;0.15337285
137;5;0.15382928
137;6;0.15432708
137;7;0.15491655
137;8;0.15557781
137;9;0.15629414
137;10;0.15706578
137;11;0.15786684
137;12;0.15872532
137;13;0.15964016
137;14;0.16060865
138;1;0.15218654
138;2;0.15251839
138;3;0.15289181
138;4;0.15330559
138;5;0.15375969
138;6;0.15425453
138;7;0.1548298
138;8;0.15548578
138;9;0.15619677
138;10;0.15696304
138;11;0.15775701
138;12;0.15860835
138;13;0.15951543
138;14;0.16047612
139;1;0.15212235
139;2;0.1524545
139;3;0.15282756
139;4;0.1532402
139;5;0.15369202
139;6;0.15418339
139;7;0.15474504
139;8;0.15539575
139;9;0.156101
139;10;0.15686113
139;11;0.15764904
139;12;0.15849283
139;13;0.1593923
139;14;0.16034551
140;1;0.15206009
140;2;0.15239248
140;3;0.15276468
140;4;0.15317579
140;5;0.15362522
140;6;0.15411383
140;7;0.1546615
140;8;0.15530738
140;9;0.15600678
140;10;0.1567609
140;11;0.15754285
140;12;0.15837914
140;13;0.159271
140;14;0.16021624
141;1;0.15199934
141;2;0.15233184
141;3;0.15270364
141;4;0.1531128
141;5;0.15356019
141;6;0.15404582
141;7;0.15457967
141;8;0.15522033
141;9;0.1559143
141;10;0.15666196
141;11;0.1574381
141;12;0.15826721
141;13;0.15915146
141;14;0.16008928
142;1;0.15193999
142;2;0.15227273
142;3;0.15264353
142;4;0.15305135
142;5;0.15349625
142;6;0.15397887
142;7;0.1544998
142;8;0.15513492
142;9;0.15582326
142;10;0.15656456
142;11;0.15733477
142;12;0.15815687
142;13;0.15903357
142;14;0.15996358
143;1;0.15188208
143;2;0.15221475
143;3;0.15258458
143;4;0.15299115
143;5;0.15343383
143;6;0.15391341
143;7;0.15443054
143;8;0.15505093
143;9;0.15573364
143;10;0.15646881
143;11;0.15723291
143;12;0.15804803
143;13;0.15891732
143;14;0.15983969
144;1;0.15182565
144;2;0.15215799
144;3;0.15252724
144;4;0.1529321
144;5;0.15337259
144;6;0.153849
144;7;0.15436247
144;8;0.15496823
144;9;0.15564546
144;10;0.15637463
144;11;0.1571329
144;12;0.15794072
144;13;0.15880266
144;14;0.15971768
145;1;0.15177044
145;2;0.152103
145;3;0.15247083
145;4;0.15287438
145;5;0.15331244
145;6;0.15378582
145;7;0.15429571
145;8;0.15488702
145;9;0.15555856
145;10;0.15628171
145;11;0.15703431
145;12;0.15783522
145;13;0.1586898
145;14;0.15959677
146;1;0.1517165
146;2;0.1520488
146;3;0.15241608
146;4;0.1528179
146;5;0.15325376
146;6;0.15372396
146;7;0.15423018
146;8;0.15480721
146;9;0.15547335
146;10;0.15619051
146;11;0.15693715
146;12;0.1577309
146;13;0.1585783
146;14;0.15947793
147;1;0.15166399
147;2;0.15199578
147;3;0.15236226
147;4;0.15276238
147;5;0.15319586
147;6;0.1536634
147;7;0.1541658
147;8;0.1547288
147;9;0.15538955
147;10;0.1561004
147;11;0.1568416
147;12;0.15762818
147;13;0.15846825
147;14;0.15936048
148;1;0.15161261
148;2;0.15194446
148;3;0.15230957
148;4;0.15270817
148;5;0.1531393
148;6;0.1536038
148;7;0.15410265
148;8;0.1546514
148;9;0.15530686
148;10;0.15601192
148;11;0.15674743
148;12;0.1575273
148;13;0.15836
148;14;0.1592446
149;1;0.15156251
149;2;0.15189388
149;3;0.15225807
149;4;0.15265474
149;5;0.15308377
149;6;0.15354544
149;7;0.15404055
149;8;0.15457559
149;9;0.15522549
149;10;0.15592444
149;11;0.15665472
149;12;0.1574274
149;13;0.15825294
149;14;0.1591304
150;1;0.1515136
150;2;0.15184458
150;3;0.1522077
150;4;0.15260276
150;5;0.15302941
150;6;0.15348819
150;7;0.15397963
150;8;0.15450618
150;9;0.15514553
150;10;0.15583867
150;11;0.15656301
150;12;0.15732905
150;13;0.15814757
150;14;0.15901744
151;1;0.15146583
151;2;0.15179601
151;3;0.15215838
151;4;0.15255174
151;5;0.15297607
151;6;0.15343165
151;7;0.15391988
151;8;0.15444204
151;9;0.1550667
151;10;0.15575394
151;11;0.1564731
151;12;0.15723217
151;13;0.15804332
151;14;0.15890607
152;1;0.15141901
152;2;0.15174866
152;3;0.15211007
152;4;0.15250164
152;5;0.1529238
152;6;0.15337649
152;7;0.15386108
152;8;0.1543791
152;9;0.15498936
152;10;0.1556707
152;11;0.15638444
152;12;0.15713677
152;13;0.15794086
152;14;0.15879631
153;1;0.15137312
153;2;0.15170264
153;3;0.1520626
153;4;0.15245262
153;5;0.15287226
153;6;0.15332222
153;7;0.15380326
153;8;0.15431744
153;9;0.15491292
153;10;0.15558869
153;11;0.15629661
153;12;0.1570426
153;13;0.15783927
153;14;0.15868762
154;1;0.1513286
154;2;0.15165728
154;3;0.15201601
154;4;0.15240425
154;5;0.15282193
154;6;0.15326907
154;7;0.15374666
154;8;0.1542565
154;9;0.15483779
154;10;0.15550776
154;11;0.15621068
154;12;0.15694976
154;13;0.15773961
154;14;0.15858036
155;1;0.15128472
155;2;0.15161279
155;3;0.15197071
155;4;0.15235737
155;5;0.15277243
155;6;0.15321678
155;7;0.15369105
155;8;0.15419692
155;9;0.15476412
155;10;0.15542823
155;11;0.15612558
155;12;0.1568582
155;13;0.15764114
155;14;0.1584746
156;1;0.15124196
156;2;0.15156947
156;3;0.15192619
156;4;0.15231101
156;5;0.152724
156;6;0.15316564
156;7;0.1536364
156;8;0.1541383
156;9;0.15469092
156;10;0.15534961
156;11;0.15604192
156;12;0.15676787
156;13;0.15754372
156;14;0.1583705
157;1;0.15120015
157;2;0.15152708
157;3;0.15188234
157;4;0.15226555
157;5;0.15267625
157;6;0.15311491
157;7;0.15358263
157;8;0.15408066
157;9;0.15461949
157;10;0.15527228
157;11;0.15595962
157;12;0.15667886
157;13;0.1574479
157;14;0.15826744
158;1;0.1511592
158;2;0.1514853
158;3;0.1518397
158;4;0.15222093
158;5;0.15262948
158;6;0.1530655
158;7;0.15352982
158;8;0.15402395
158;9;0.1545501
158;10;0.1551963
158;11;0.15587829
158;12;0.15659122
158;13;0.15735331
158;14;0.1581655
159;1;0.15111959
159;2;0.15144482
159;3;0.15179765
159;4;0.15217716
159;5;0.15258363
159;6;0.15301663
159;7;0.15347788
159;8;0.153968
159;9;0.15448973
159;10;0.15512127
159;11;0.15579823
159;12;0.15650442
159;13;0.15726006
159;14;0.1580649
160;1;0.15108022
160;2;0.15140483
160;3;0.1517564
160;4;0.15213425
160;5;0.15253854
160;6;0.15296915
160;7;0.15342693
160;8;0.15391329
160;9;0.15443051
160;10;0.15504733
160;11;0.15571922
160;12;0.15641934
160;13;0.15716779
160;14;0.15796605
161;1;0.15104198
161;2;0.1513659
161;3;0.1517162
161;4;0.15209228
161;5;0.15249416
161;6;0.1529221
161;7;0.15337676
161;8;0.15385947
161;9;0.15437248
161;10;0.15497473
161;11;0.15564147
161;12;0.15633515
161;13;0.1570771
161;14;0.15786794
162;1;0.15100434
162;2;0.1513274
162;3;0.15167642
162;4;0.15205094
162;5;0.15245083
162;6;0.15287584
162;7;0.15332755
162;8;0.15380627
162;9;0.15431517
162;10;0.15490296
162;11;0.15556476
162;12;0.15625203
162;13;0.15698755
162;14;0.15777162
163;1;0.15096787
163;2;0.15129013
163;3;0.15163764
163;4;0.15201041
163;5;0.15240794
163;6;0.15283062
163;7;0.1532788
163;8;0.15375423
163;9;0.15425882
163;10;0.15483212
163;11;0.15548915
163;12;0.15617043
163;13;0.156899
163;14;0.15767595
164;1;0.15093192
164;2;0.15125304
164;3;0.15159963
164;4;0.15197054
164;5;0.15236592
164;6;0.15278593
164;7;0.15323111
164;8;0.15370306
164;9;0.1542035
164;10;0.15476257
164;11;0.15541467
164;12;0.15608996
164;13;0.15681174
164;14;0.15758222
165;1;0.15089642
165;2;0.15121706
165;3;0.15156195
165;4;0.15193135
165;5;0.15232465
165;6;0.15274203
165;7;0.15318406
165;8;0.15365249
165;9;0.15414885
165;10;0.1546937
165;11;0.15534136
165;12;0.15601024
165;13;0.15672565
165;14;0.15748918
166;1;0.1508621
166;2;0.15118167
166;3;0.15152544
166;4;0.15189299
166;5;0.15228423
166;6;0.1526989
166;7;0.1531381
166;8;0.15360284
166;9;0.15409508
166;10;0.15462619
166;11;0.15526898
166;12;0.15593174
166;13;0.15664041
166;14;0.15739736
167;1;0.15082833
167;2;0.15114701
167;3;0.1514895
167;4;0.1518552
167;5;0.15224415
167;6;0.15265654
167;7;0.15309282
167;8;0.15355389
167;9;0.15404233
167;10;0.15456006
167;11;0.15519759
167;12;0.1558545
167;13;0.15655684
167;14;0.15730664
168;1;0.15079507
168;2;0.15111291
168;3;0.15145409
168;4;0.15181814
168;5;0.15220517
168;6;0.15261468
168;7;0.15304817
168;8;0.15350595
168;9;0.15399045
168;10;0.15450367
168;11;0.15512708
168;12;0.15577805
168;13;0.15647411
168;14;0.15721735
169;1;0.15076292
169;2;0.1510795
169;3;0.15141946
169;4;0.15178186
169;5;0.15216649
169;6;0.15257376
169;7;0.15300408
169;8;0.15345845
169;9;0.1539391
169;10;0.154448
169;11;0.15505788
169;12;0.1557028
169;13;0.15639275
169;14;0.15712893
170;1;0.150731
170;2;0.1510469
170;3;0.15138519
170;4;0.1517458
170;5;0.15212858
170;6;0.1525333
170;7;0.15296087
170;8;0.15341195
170;9;0.1538887
170;10;0.1543932
170;11;0.15498942
170;12;0.15562883
170;13;0.15631193
170;14;0.15704183
171;1;0.1507
171;2;0.15101454
171;3;0.1513519
171;4;0.15171073
171;5;0.15209123
171;6;0.15249372
171;7;0.1529184
171;8;0.15336633
171;9;0.15383908
171;10;0.15433925
171;11;0.15492117
171;12;0.15555528
171;13;0.15623271
171;14;0.15695563
172;1;0.15066944
172;2;0.150983
172;3;0.15131894
172;4;0.15167595
172;5;0.15205446
172;6;0.15245476
172;7;0.15287645
172;8;0.15332109
172;9;0.1537902
172;10;0.15428627
172;11;0.15485376
172;12;0.1554831
172;13;0.15615416
172;14;0.15687093
173;1;0.15063947
173;2;0.15095213
173;3;0.15128654
173;4;0.15164202
173;5;0.15201841
173;6;0.15241587
173;7;0.15283516
173;8;0.15327655
173;9;0.15374207
173;10;0.15423396
173;11;0.1547874
173;12;0.15541202
173;13;0.15607679
173;14;0.15678704
174;1;0.15061012
174;2;0.15092179
174;3;0.15125471
174;4;0.15160841
174;5;0.15198308
174;6;0.15237805
174;7;0.15279436
174;8;0.15323296
174;9;0.15369467
174;10;0.1541827
174;11;0.1547218
174;12;0.15534168
174;13;0.1560008
174;14;0.15670441
175;1;0.15058121
175;2;0.15089187
175;3;0.15122333
175;4;0.15157567
175;5;0.15194806
175;6;0.15234092
175;7;0.1527546
175;8;0.15318973
175;9;0.15364808
175;10;0.15413183
175;11;0.15465716
175;12;0.15527245
175;13;0.1559253
175;14;0.15662238
176;1;0.15055317
176;2;0.15086254
176;3;0.15119278
176;4;0.15154356
176;5;0.15191391
176;6;0.15230426
176;7;0.15271488
176;8;0.15314725
176;9;0.15360215
176;10;0.15408194
176;11;0.1545935
176;12;0.15520418
176;13;0.15585111
176;14;0.15654197
177;1;0.15052536
177;2;0.15083382
177;3;0.1511626
177;4;0.15151164
177;5;0.15187979
177;6;0.15226808
177;7;0.15267618
177;8;0.15310538
177;9;0.15355708
177;10;0.15403281
177;11;0.15453541
177;12;0.15513682
177;13;0.1557779
177;14;0.15646231
178;1;0.15049788
178;2;0.15080541
178;3;0.15113291
178;4;0.1514802
178;5;0.15184668
178;6;0.1522325
178;7;0.15263829
178;8;0.15306434
178;9;0.15351227
178;10;0.15398425
178;11;0.15448269
178;12;0.15507025
178;13;0.15570557
178;14;0.15638378
179;1;0.15047142
179;2;0.15077764
179;3;0.15110376
179;4;0.1514494
179;5;0.15181382
179;6;0.15219745
179;7;0.15260053
179;8;0.15302369
179;9;0.15346836
179;10;0.15393648
179;11;0.15443072
179;12;0.15500468
179;13;0.15563414
179;14;0.15630612
180;1;0.1504451
180;2;0.1507504
180;3;0.15107518
180;4;0.15141898
180;5;0.15178147
180;6;0.15216306
180;7;0.15256336
180;8;0.15298398
180;9;0.1534252
180;10;0.15388936
180;11;0.15437919
180;12;0.1549403
180;13;0.1555636
180;14;0.1562295
181;1;0.15041938
181;2;0.15072335
181;3;0.1510469
181;4;0.15138915
181;5;0.15174982
181;6;0.1521289
181;7;0.152527
181;8;0.15294436
181;9;0.15338251
181;10;0.15384313
181;11;0.15432867
181;12;0.15487653
181;13;0.15549415
181;14;0.15615386
182;1;0.15039396
182;2;0.15069705
182;3;0.1510191
182;4;0.15135974
182;5;0.15171841
182;6;0.15209576
182;7;0.15249074
182;8;0.15290563
182;9;0.15334052
182;10;0.1537974
182;11;0.15427878
182;12;0.15481336
182;13;0.15542555
182;14;0.15607941
183;1;0.15036917
183;2;0.150671
183;3;0.15099171
183;4;0.15133071
183;5;0.1516875
183;6;0.15206248
183;7;0.15245551
183;8;0.15286718
183;9;0.1532991
183;10;0.15375242
183;11;0.15422964
183;12;0.15475121
183;13;0.1553579
183;14;0.15600574
184;1;0.15034464
184;2;0.15064536
184;3;0.15096487
184;4;0.15130198
184;5;0.15165704
184;6;0.15202974
184;7;0.15242052
184;8;0.15282968
184;9;0.15325841
184;10;0.15370828
184;11;0.15418153
184;12;0.15468997
184;13;0.15529129
184;14;0.15593296
185;1;0.15032065
185;2;0.15062037
185;3;0.15093836
185;4;0.1512742
185;5;0.1516273
185;6;0.15199772
185;7;0.15238607
185;8;0.15279225
185;9;0.15321794
185;10;0.15366426
185;11;0.15413383
185;12;0.15462956
185;13;0.1552254
185;14;0.15586132
186;1;0.1502971
186;2;0.1505959
186;3;0.15091217
186;4;0.15124622
186;5;0.15159771
186;6;0.15196624
186;7;0.15235206
186;8;0.15275568
186;9;0.15317822
186;10;0.15362117
186;11;0.15408698
186;12;0.15457022
186;13;0.15516055
186;14;0.15579024
187;1;0.15027398
187;2;0.15057155
187;3;0.15088663
187;4;0.15121901
187;5;0.15156868
187;6;0.15193498
187;7;0.15231854
187;8;0.15271956
187;9;0.15313919
187;10;0.15357882
187;11;0.1540404
187;12;0.15451738
187;13;0.15509628
187;14;0.15572047
188;1;0.15025121
188;2;0.15054753
188;3;0.15086123
188;4;0.15119231
188;5;0.15154001
188;6;0.1519043
188;7;0.15228546
188;8;0.15268382
188;9;0.15310058
188;10;0.15353686
188;11;0.1539951
188;12;0.1544686
188;13;0.1550329
188;14;0.1556514
189;1;0.15022868
189;2;0.15052402
189;3;0.15083651
189;4;0.15116587
189;5;0.15151185
189;6;0.15187404
189;7;0.15225294
189;8;0.15264896
189;9;0.15306252
189;10;0.15349552
189;11;0.15394978
189;12;0.15442029
189;13;0.1549705
189;14;0.15558335
190;1;0.15020663
190;2;0.15050074
190;3;0.15081197
190;4;0.15113966
190;5;0.1514838
190;6;0.15184417
190;7;0.1522208
190;8;0.15261427
190;9;0.15302512
190;10;0.1534549
190;11;0.15390548
190;12;0.15437281
190;13;0.15490898
190;14;0.15551597
191;1;0.15018475
191;2;0.15047789
191;3;0.15078789
191;4;0.15111402
191;5;0.15145633
191;6;0.15181473
191;7;0.1521891
191;8;0.15257981
191;9;0.1529881
191;10;0.1534147
191;11;0.15386161
191;12;0.15432614
191;13;0.15484795
191;14;0.15544972
192;1;0.15016475
192;2;0.1504555
192;3;0.15076378
192;4;0.15108854
192;5;0.15142918
192;6;0.15178558
192;7;0.15215757
192;8;0.15254611
192;9;0.15295157
192;10;0.153375
192;11;0.15381859
192;12;0.15427977
192;13;0.15478802
192;14;0.15538418
193;1;0.15016899
193;2;0.15043342
193;3;0.15074047
193;4;0.15106365
193;5;0.15140255
193;6;0.151757
193;7;0.15212688
193;8;0.15251294
193;9;0.15291548
193;10;0.15333614
193;11;0.1537761
193;12;0.15423447
193;13;0.1547287
193;14;0.15531954
194;1;0.15017319
194;2;0.15041175
194;3;0.15071741
194;4;0.15103897
194;5;0.15137616
194;6;0.15172869
194;7;0.15209651
194;8;0.15248007
194;9;0.15287998
194;10;0.15329742
194;11;0.15373401
194;12;0.15418985
194;13;0.15467027
194;14;0.15525562
195;1;0.15017778
195;2;0.15041474
195;3;0.15069458
195;4;0.15101467
195;5;0.15135014
195;6;0.1517005
195;7;0.1520665
195;8;0.15244782
195;9;0.15284503
195;10;0.15325928
195;11;0.15369281
195;12;0.15414548
195;13;0.15461263
195;14;0.15519258
196;1;0.15018207
196;2;0.15041935
196;3;0.1506719
196;4;0.15099064
196;5;0.15132436
196;6;0.15167317
196;7;0.1520367
196;8;0.15241557
196;9;0.15281045
196;10;0.15322194
196;11;0.15365177
196;12;0.15410203
196;13;0.15455551
196;14;0.15513065
197;1;0.15018648
197;2;0.15042382
197;3;0.15064985
197;4;0.15096694
197;5;0.15129925
197;6;0.1516459
197;7;0.15200734
197;8;0.1523841
197;9;0.1527762
197;10;0.15318483
197;11;0.1536116
197;12;0.15405867
197;13;0.15450472
197;14;0.155069
198;1;0.15019122
198;2;0.1504285
198;3;0.15065381
198;4;0.15094383
198;5;0.15127388
198;6;0.15161906
198;7;0.15197879
198;8;0.15235284
198;9;0.15274253
198;10;0.15314811
198;11;0.15357193
198;12;0.15401536
198;13;0.15445831
198;14;0.15500855
199;1;0.15019593
199;2;0.15043294
199;3;0.15065813
199;4;0.15092044
199;5;0.1512492
199;6;0.15159237
199;7;0.15195
199;8;0.15232196
199;9;0.1527093
199;10;0.15311223
199;11;0.15353286
199;12;0.15397266
199;13;0.15441254
199;14;0.15494859
200;1;0.1502006
200;2;0.15043768
200;3;0.15066294
200;4;0.15089798
200;5;0.151225
200;6;0.15156648
200;7;0.15192181
200;8;0.15229183
200;9;0.15267643
200;10;0.15307671
200;11;0.15349406
200;12;0.15393049
200;13;0.15436777
200;14;0.15488964
201;1;0.15020531
201;2;0.15044242
201;3;0.15066752
201;4;0.15087798
201;5;0.1512008
201;6;0.15154034
201;7;0.15189406
201;8;0.15226176
201;9;0.15264398
201;10;0.15304163
201;11;0.15345585
201;12;0.153889
201;13;0.15432343
201;14;0.15483153
202;1;0.1502099
202;2;0.15044695
202;3;0.15067223
202;4;0.15088274
202;5;0.15117693
202;6;0.1515148
202;7;0.15186647
202;8;0.15223205
202;9;0.15261194
202;10;0.15300697
202;11;0.15341821
202;12;0.1538479
202;13;0.15427947
202;14;0.15477386
203;1;0.15021473
203;2;0.1504516
203;3;0.15067677
203;4;0.15088764
203;5;0.15115352
203;6;0.15148956
203;7;0.15183946
203;8;0.15220293
203;9;0.15258029
203;10;0.15297283
203;11;0.15338124
203;12;0.1538074
203;13;0.15423644
203;14;0.15471685
204;1;0.15021974
204;2;0.15045601
204;3;0.15068144
204;4;0.15089235
204;5;0.15113038
204;6;0.15146473
204;7;0.15181229
204;8;0.15217382
204;9;0.15254928
204;10;0.15293884
204;11;0.15334433
204;12;0.15376747
204;13;0.15419376
204;14;0.15466094
205;1;0.15022464
205;2;0.15046081
205;3;0.15068585
205;4;0.1508972
205;5;0.15110749
205;6;0.1514399
205;7;0.15178594
205;8;0.15214524
205;9;0.15251821
205;10;0.15290546
205;11;0.15330806
205;12;0.15372807
205;13;0.15415186
205;14;0.15460566
206;1;0.15022928
206;2;0.1504654
206;3;0.15069056
206;4;0.1509017
206;5;0.15109563
206;6;0.15141582
206;7;0.15175983
206;8;0.15211731
206;9;0.1524877
206;10;0.15287259
206;11;0.1532725
206;12;0.15368912
206;13;0.15411073
206;14;0.15455124
207;1;0.15023437
207;2;0.15047008
207;3;0.15069525
207;4;0.15090632
207;5;0.15110046
207;6;0.15139157
207;7;0.15173388
207;8;0.15208915
207;9;0.15245765
207;10;0.15284002
207;11;0.15323699
207;12;0.15365079
207;13;0.15406999
207;14;0.15449998
208;1;0.15023924
208;2;0.1504747
208;3;0.15069959
208;4;0.15091094
208;5;0.15110546
208;6;0.1513679
208;7;0.15170833
208;8;0.15206161
208;9;0.15242797
208;10;0.15280795
208;11;0.15320227
208;12;0.153613
208;13;0.15402946
208;14;0.15445584
209;1;0.15024415
209;2;0.15047944
209;3;0.15070403
209;4;0.15091556
209;5;0.15111007
209;6;0.15134436
209;7;0.15168321
209;8;0.15203434
209;9;0.15239853
209;10;0.15277603
209;11;0.15316784
209;12;0.15357548
209;13;0.15398997
209;14;0.15441242
210;1;0.15024918
210;2;0.15048394
210;3;0.15070838
210;4;0.15091991
210;5;0.15111493
210;6;0.1513212
210;7;0.1516581
210;8;0.15200746
210;9;0.15236929
210;10;0.15274474
210;11;0.1531339
210;12;0.1535387
210;13;0.1539506
210;14;0.15436965
211;1;0.1502539
211;2;0.15048859
211;3;0.15071285
211;4;0.15092424
211;5;0.15111949
211;6;0.15129825
211;7;0.1516334
211;8;0.15198076
211;9;0.15234074
211;10;0.15271392
211;11;0.15310046
211;12;0.15350205
211;13;0.153912
211;14;0.15432733
212;1;0.15025903
212;2;0.15049282
212;3;0.15071708
212;4;0.15092847
212;5;0.151124
212;6;0.15129997
212;7;0.15160896
212;8;0.15195456
212;9;0.15231246
212;10;0.15268318
212;11;0.15306725
212;12;0.1534662
212;13;0.15387395
212;14;0.15428558
213;1;0.15026385
213;2;0.15049762
213;3;0.15072146
213;4;0.15093261
213;5;0.15112862
213;6;0.15130523
213;7;0.15158466
213;8;0.15192845
213;9;0.15228441
213;10;0.15265286
213;11;0.15303448
213;12;0.15343076
213;13;0.15383628
213;14;0.15424463
214;1;0.15026867
214;2;0.15050212
214;3;0.15072566
214;4;0.15093693
214;5;0.15113279
214;6;0.15131006
214;7;0.15156072
214;8;0.1519028
214;9;0.15225652
214;10;0.152623
214;11;0.15300205
214;12;0.1533955
214;13;0.1537993
214;14;0.15420398
215;1;0.15027356
215;2;0.1505065
215;3;0.15072991
215;4;0.1509411
215;5;0.1511372
215;6;0.15131468
215;7;0.15153691
215;8;0.15187728
215;9;0.15222931
215;10;0.15259343
215;11;0.15297022
215;12;0.1533609
215;13;0.15376264
215;14;0.15416402
216;1;0.15027857
216;2;0.15051097
216;3;0.15073407
216;4;0.1509451
216;5;0.15114146
216;6;0.1513195
216;7;0.15151367
216;8;0.15185201
216;9;0.15220222
216;10;0.15256402
216;11;0.15293863
216;12;0.15332666
216;13;0.15372631
216;14;0.15412462
217;1;0.15028341
217;2;0.15051538
217;3;0.15073815
217;4;0.15094945
217;5;0.15114549
217;6;0.151324
217;7;0.1514906
217;8;0.1518273
217;9;0.15217522
217;10;0.15253523
217;11;0.15290734
217;12;0.15329301
217;13;0.15369076
217;14;0.15408577
218;1;0.1502881
218;2;0.15051979
218;3;0.15074225
218;4;0.15095314
218;5;0.1511496
218;6;0.15132806
218;7;0.15148577
218;8;0.15180254
218;9;0.15214893
218;10;0.15250647
218;11;0.15287651
218;12;0.15325958
218;13;0.15365565
218;14;0.15404743
219;1;0.15029302
219;2;0.15052408
219;3;0.15074635
219;4;0.15095714
219;5;0.15115356
219;6;0.15133274
219;7;0.15149078
219;8;0.15177831
219;9;0.15212244
219;10;0.15247837
219;11;0.15284613
219;12;0.1532265
219;13;0.15362078
219;14;0.15400961
220;1;0.15029785
220;2;0.15052858
220;3;0.15075031
220;4;0.15096092
220;5;0.15115744
220;6;0.15133691
220;7;0.15149578
220;8;0.15175411
220;9;0.15209681
220;10;0.15245038
220;11;0.15281594
220;12;0.15319395
220;13;0.15358603
220;14;0.15397224
221;1;0.15030253
221;2;0.15053254
221;3;0.15075424
221;4;0.15096453
221;5;0.1511612
221;6;0.1513412
221;7;0.15150052
221;8;0.15172997
221;9;0.152071
221;10;0.15242285
221;11;0.15278614
221;12;0.15316188
221;13;0.15355101
221;14;0.15393549
222;1;0.15030731
222;2;0.15053698
222;3;0.15075773
222;4;0.15096813
222;5;0.15116507
222;6;0.1513451
222;7;0.15150526
222;8;0.15170655
222;9;0.1520457
222;10;0.15239543
222;11;0.15275666
222;12;0.15312976
222;13;0.15351632
222;14;0.15389886
223;1;0.15031204
223;2;0.15054113
223;3;0.15076181
223;4;0.15097156
223;5;0.15116853
223;6;0.15134898
223;7;0.1515097
223;8;0.15168321
223;9;0.1520204
223;10;0.15236863
223;11;0.15272766
223;12;0.15309858
223;13;0.15348253
223;14;0.15386295
224;1;0.15031663
224;2;0.15054518
224;3;0.15076551
224;4;0.1509752
224;5;0.15117201
224;6;0.15135282
224;7;0.15151434
224;8;0.15166008
224;9;0.15199545
224;10;0.15234178
224;11;0.15269887
224;12;0.15306753
224;13;0.15344873
224;14;0.15382758
225;1;0.15032148
225;2;0.1505495
225;3;0.15076926
225;4;0.1509788
225;5;0.15117547
225;6;0.15135679
225;7;0.15151832
225;8;0.15165722
225;9;0.15197101
225;10;0.1523152
225;11;0.15267026
225;12;0.15303656
225;13;0.15341535
225;14;0.1537925
226;1;0.15032601
226;2;0.15055344
226;3;0.1507729
226;4;0.15098199
226;5;0.15117899
226;6;0.15136015
226;7;0.1515226
226;8;0.15166223
226;9;0.1519467
226;10;0.15228909
226;11;0.15264195
226;12;0.15300617
226;13;0.15338278
226;14;0.15375799
227;1;0.1503304
227;2;0.1505574
227;3;0.1507763
227;4;0.15098542
227;5;0.15118207
227;6;0.15136379
227;7;0.15152666
227;8;0.1516673
227;9;0.15192226
227;10;0.15226302
227;11;0.15261407
227;12;0.15297621
227;13;0.15335026
227;14;0.15372396
228;1;0.1503351
228;2;0.15056124
228;3;0.15077972
228;4;0.15098864
228;5;0.15118548
228;6;0.15136708
228;7;0.15153044
228;8;0.15167207
228;9;0.15189853
228;10;0.15223736
228;11;0.15258643
228;12;0.15294635
228;13;0.15331802
228;14;0.15369028
229;1;0.15033966
229;2;0.15056515
229;3;0.15078321
229;4;0.1509919
229;5;0.15118837
229;6;0.1513705
229;7;0.15153447
229;8;0.15167663
229;9;0.15187496
229;10;0.15221208
229;11;0.15255922
229;12;0.15291713
229;13;0.15328625
229;14;0.15365702
230;1;0.15034407
230;2;0.15056917
230;3;0.15078664
230;4;0.15099484
230;5;0.15119147
230;6;0.15137345
230;7;0.15153794
230;8;0.15168113
230;9;0.15185145
230;10;0.15218681
230;11;0.15253234
230;12;0.1528883
230;13;0.15325516
230;14;0.15362427
231;1;0.15034828
231;2;0.1505729
231;3;0.15078986
231;4;0.15099788
231;5;0.1511944
231;6;0.15137658
231;7;0.15154156
231;8;0.15168542
231;9;0.15182802
231;10;0.15216213
231;11;0.15250558
231;12;0.15285936
231;13;0.15322408
231;14;0.15359178
232;1;0.15035273
232;2;0.15057656
232;3;0.15079305
232;4;0.15100084
232;5;0.15119718
232;6;0.15137967
232;7;0.15154499
232;8;0.1516898
232;9;0.15180981
232;10;0.15213743
232;11;0.15247917
232;12;0.15283093
232;13;0.15319341
232;14;0.15355963
233;1;0.15035719
233;2;0.15058032
233;3;0.15079632
233;4;0.15100347
233;5;0.15119979
233;6;0.15138239
233;7;0.15154818
233;8;0.15169388
233;9;0.15181518
233;10;0.15211298
233;11;0.15245306
233;12;0.15280285
233;13;0.15316314
233;14;0.15352821
234;1;0.15036136
234;2;0.15058383
234;3;0.1507994
234;4;0.15100637
234;5;0.15120262
234;6;0.15138525
234;7;0.15155163
234;8;0.15169787
234;9;0.1518201
234;10;0.1520887
234;11;0.15242709
234;12;0.15277511
234;13;0.15313324
234;14;0.15349683
235;1;0.15036565
235;2;0.15058723
235;3;0.1508024
235;4;0.15100896
235;5;0.15120497
235;6;0.15138772
235;7;0.1515545
235;8;0.15170158
235;9;0.15182495
235;10;0.15206495
235;11;0.15240139
235;12;0.15274742
235;13;0.15310365
235;14;0.15346596
236;1;0.15036991
236;2;0.15059072
236;3;0.15080544
236;4;0.15101165
236;5;0.15120736
236;6;0.15139052
236;7;0.15155737
236;8;0.15170518
236;9;0.15182951
236;10;0.15204103
236;11;0.15237592
236;12;0.15272033
236;13;0.1530743
236;14;0.15343554
237;1;0.15037385
237;2;0.15059432
237;3;0.15080833
237;4;0.15101428
237;5;0.15120992
237;6;0.15139288
237;7;0.15156037
237;8;0.1517089
237;9;0.15183425
237;10;0.15201768
237;11;0.1523509
237;12;0.15269324
237;13;0.1530452
237;14;0.15340525
238;1;0.15037784
238;2;0.15059763
238;3;0.15081123
238;4;0.15101662
238;5;0.15121228
238;6;0.15139544
238;7;0.15156308
238;8;0.15171224
238;9;0.15183854
238;10;0.15199462
238;11;0.1523261
238;12;0.15266678
238;13;0.15301666
238;14;0.15337536
239;1;0.15038186
239;2;0.15060097
239;3;0.1508139
239;4;0.15101886
239;5;0.15121442
239;6;0.15139768
239;7;0.15156579
239;8;0.15171565
239;9;0.15184271
239;10;0.15197134
239;11;0.15230119
239;12;0.15264025
239;13;0.15298817
239;14;0.15334597
240;1;0.15038598
240;2;0.15060437
240;3;0.15081656
240;4;0.15102135
240;5;0.15121639
240;6;0.15139982
240;7;0.15156813
240;8;0.15171878
240;9;0.15184698
240;10;0.1519497
240;11;0.15227677
240;12;0.15261403
240;13;0.15296027
240;14;0.15331653
241;1;0.15038991
241;2;0.15060745
241;3;0.15081915
241;4;0.15102366
241;5;0.15121852
241;6;0.1514019
241;7;0.1515706
241;8;0.1517216
241;9;0.15185091
241;10;0.15195471
241;11;0.15225261
241;12;0.15258813
241;13;0.15293238
241;14;0.15328652
242;1;0.15039375
242;2;0.1506106
242;3;0.15082186
242;4;0.15102586
242;5;0.15122041
242;6;0.1514037
242;7;0.1515728
242;8;0.15172431
242;9;0.15185484
242;10;0.1519599
242;11;0.15222883
242;12;0.15256238
242;13;0.15290487
242;14;0.15325716
243;1;0.15039766
243;2;0.15061381
243;3;0.15082455
243;4;0.15102762
243;5;0.15122247
243;6;0.15140569
243;7;0.151575
243;8;0.15172698
243;9;0.1518585
243;10;0.15196508
243;11;0.15220493
243;12;0.15253711
243;13;0.15287793
243;14;0.15322784
244;1;0.15040144
244;2;0.15061682
244;3;0.15082681
244;4;0.15102994
244;5;0.15122408
244;6;0.15140744
244;7;0.15157697
244;8;0.15172967
244;9;0.15186203
244;10;0.15196976
244;11;0.15218127
244;12;0.15251216
244;13;0.15285069
244;14;0.15319887
245;1;0.15040497
245;2;0.15061992
245;3;0.1508291
245;4;0.15103164
245;5;0.15122569
245;6;0.15140899
245;7;0.1515787
245;8;0.15173225
245;9;0.15186533
245;10;0.1519742
245;11;0.15215802
245;12;0.15248713
245;13;0.15282425
245;14;0.1531704
246;1;0.15040877
246;2;0.15062277
246;3;0.1508317
246;4;0.15103355
246;5;0.15122727
246;6;0.15141049
246;7;0.15158075
246;8;0.15173432
246;9;0.15186863
246;10;0.15197864
246;11;0.15213501
246;12;0.1524624
246;13;0.15279797
246;14;0.15314212
247;1;0.15041235
247;2;0.15062559
247;3;0.15083387
247;4;0.15103534
247;5;0.15122879
247;6;0.15141213
247;7;0.15158233
247;8;0.15173665
247;9;0.1518718
247;10;0.151983
247;11;0.1521121
247;12;0.15243797
247;13;0.15277195
247;14;0.15311408
248;1;0.150416
248;2;0.15062845
248;3;0.15083581
248;4;0.15103692
248;5;0.15123016
248;6;0.15141332
248;7;0.15158394
248;8;0.15173873
248;9;0.15187454
248;10;0.15198728
248;11;0.1520895
248;12;0.15241371
248;13;0.15274596
248;14;0.15308636
249;1;0.1504195
249;2;0.15063092
249;3;0.15083806
249;4;0.15103859
249;5;0.15123169
249;6;0.15141468
249;7;0.15158528
249;8;0.15174073
249;9;0.15187746
249;10;0.15199104
249;11;0.15207785
249;12;0.15238945
249;13;0.15272033
249;14;0.15305924
250;1;0.15042284
250;2;0.15063378
250;3;0.1508401
250;4;0.15104008
250;5;0.15123281
250;6;0.15141582
250;7;0.1515868
250;8;0.15174252
250;9;0.15187985
250;10;0.15199494
250;11;0.15208316
250;12;0.1523659
250;13;0.15269512
250;14;0.15303195
251;1;0.15042621
251;2;0.15063623
251;3;0.15084201
251;4;0.1510416
251;5;0.151234
251;6;0.15141693
251;7;0.15158795
251;8;0.15174443
251;9;0.15188232
251;10;0.15199858
251;11;0.15208846
251;12;0.15234232
251;13;0.15266976
251;14;0.15300521
252;1;0.1504294
252;2;0.15063903
252;3;0.15084383
252;4;0.15104312
252;5;0.15123522
252;6;0.15141772
252;7;0.15158918
252;8;0.15174598
252;9;0.15188493
252;10;0.15200196
252;11;0.15209341
252;12;0.15231898
252;13;0.15264505
252;14;0.15297855
253;1;0.15043278
253;2;0.15064137
253;3;0.15084574
253;4;0.15104449
253;5;0.15123641
253;6;0.15141875
253;7;0.1515902
253;8;0.15174738
253;9;0.15188688
253;10;0.1520054
253;11;0.15209794
253;12;0.15229562
253;13;0.1526203
253;14;0.15295234
254;1;0.15043584
254;2;0.15064368
254;3;0.15084751
254;4;0.15104568
254;5;0.15123719
254;6;0.15141973
254;7;0.15159108
254;8;0.15174878
254;9;0.15188915
254;10;0.15200876
254;11;0.15210299
254;12;0.1522728
254;13;0.1525959
254;14;0.15292636
255;1;0.15043908
255;2;0.15064639
255;3;0.1508492
255;4;0.15104698
255;5;0.15123802
255;6;0.15142041
255;7;0.15159193
255;8;0.15175009
255;9;0.15189126
255;10;0.15201148
255;11;0.1521073
255;12;0.15225002
255;13;0.15257168
255;14;0.1529004
256;1;0.15044224
256;2;0.1506485
256;3;0.15085086
256;4;0.151048
256;5;0.15123865
256;6;0.15142114
256;7;0.15159288
256;8;0.15175119
256;9;0.15189295
256;10;0.15201443
256;11;0.15211165
256;12;0.15222749
256;13;0.1525476
256;14;0.1528748
257;1;0.15044525
257;2;0.15065074
257;3;0.1508522
257;4;0.15104906
257;5;0.15123928
257;6;0.1514215
257;7;0.1515934
257;8;0.15175205
257;9;0.15189466
257;10;0.15201724
257;11;0.15211567
257;12;0.15220526
257;13;0.15252364
257;14;0.1528494
258;1;0.15044808
258;2;0.15065292
258;3;0.15085405
258;4;0.15105005
258;5;0.15124008
258;6;0.15142217
258;7;0.1515939
258;8;0.15175301
258;9;0.15189627
258;10;0.15201977
258;11;0.15211964
258;12;0.15219119
258;13;0.15250033
258;14;0.15282436
259;1;0.15045112
259;2;0.15065512
259;3;0.1508552
259;4;0.15105098
259;5;0.15124069
259;6;0.15142235
259;7;0.15159431
259;8;0.15175372
259;9;0.15189764
259;10;0.15202183
259;11;0.15212332
259;12;0.15219676
259;13;0.15247688
259;14;0.1527996
260;1;0.15045391
260;2;0.15065715
260;3;0.15085694
260;4;0.15105164
260;5;0.151241
260;6;0.15142271
260;7;0.15159474
260;8;0.15175453
260;9;0.15189889
260;10;0.15202434
260;11;0.15212698
260;12;0.15220195
260;13;0.15245375
260;14;0.1527749
261;1;0.15045676
261;2;0.15065908
261;3;0.1508581
261;4;0.15105249
261;5;0.15124142
261;6;0.15142298
261;7;0.151595
261;8;0.15175489
261;9;0.15189996
261;10;0.1520265
261;11;0.15213022
261;12;0.15220736
261;13;0.15243068
261;14;0.15275067
262;1;0.15045959
262;2;0.15066095
262;3;0.1508595
262;4;0.15105319
262;5;0.15124181
262;6;0.15142316
262;7;0.15159513
262;8;0.15175527
262;9;0.151901
262;10;0.15202862
262;11;0.15213361
262;12;0.15221219
262;13;0.15240797
262;14;0.15272638
263;1;0.15046227
263;2;0.1506629
263;3;0.15086055
263;4;0.15105382
263;5;0.15124184
263;6;0.15142295
263;7;0.15159515
263;8;0.15175593
263;9;0.15190189
263;10;0.15203035
263;11;0.15213668
263;12;0.15221694
263;13;0.15238541
263;14;0.15270245
264;1;0.15046492
264;2;0.15066476
264;3;0.15086174
264;4;0.15105449
264;5;0.1512422
264;6;0.151423
264;7;0.15159503
264;8;0.15175605
264;9;0.15190268
264;10;0.1520319
264;11;0.15213951
264;12;0.15222141
264;13;0.15236297
264;14;0.15267888
265;1;0.15046734
265;2;0.15066652
265;3;0.15086263
265;4;0.15105525
265;5;0.15124217
265;6;0.1514227
265;7;0.15159494
265;8;0.15175599
265;9;0.15190348
265;10;0.15203336
265;11;0.1521424
265;12;0.15222579
265;13;0.15234056
265;14;0.15265518
266;1;0.15046996
266;2;0.15066832
266;3;0.15086362
266;4;0.15105549
266;5;0.15124226
266;6;0.15142271
266;7;0.15159476
266;8;0.15175617
266;9;0.15190409
266;10;0.15203488
266;11;0.15214509
266;12;0.15223014
266;13;0.15231848
266;14;0.15263177
267;1;0.15047227
267;2;0.15066978
267;3;0.15086481
267;4;0.15105563
267;5;0.15124232
267;6;0.15142238
267;7;0.15159452
267;8;0.15175605
267;9;0.15190426
267;10;0.15203619
267;11;0.15214738
267;12;0.1522342
267;13;0.15229678
267;14;0.15260851
268;1;0.15047464
268;2;0.15067145
268;3;0.15086567
268;4;0.15105614
268;5;0.15124223
268;6;0.15142208
268;7;0.15159404
268;8;0.15175569
268;9;0.15190482
268;10;0.1520372
268;11;0.15214986
268;12;0.15223798
268;13;0.15229723
268;14;0.15258572
269;1;0.15047698
269;2;0.15067321
269;3;0.15086639
269;4;0.15105647
269;5;0.15124202
269;6;0.15142173
269;7;0.15159363
269;8;0.15175551
269;9;0.151905
269;10;0.15203837
269;11;0.15215185
269;12;0.15224153
269;13;0.15230274
269;14;0.15256274
270;1;0.15047936
270;2;0.15067434
270;3;0.15086722
270;4;0.1510565
270;5;0.15124187
270;6;0.1514212
270;7;0.15159294
270;8;0.15175533
270;9;0.15190494
270;10;0.15203917
270;11;0.15215385
270;12;0.15224516
270;13;0.15230814
270;14;0.15254036
271;1;0.15048152
271;2;0.15067595
271;3;0.15086788
271;4;0.15105674
271;5;0.15124148
271;6;0.15142038
271;7;0.15159231
271;8;0.15175477
271;9;0.15190488
271;10;0.15203977
271;11;0.15215579
271;12;0.15224849
271;13;0.15231329
271;14;0.15251786
272;1;0.1504837
272;2;0.15067723
272;3;0.15086818
272;4;0.15105678
272;5;0.15124083
272;6;0.15141976
272;7;0.15159166
272;8;0.1517542
272;9;0.1519047
272;10;0.15204048
272;11;0.1521573
272;12;0.15225151
272;13;0.15231818
272;14;0.15249556
273;1;0.15048586
273;2;0.15067828
273;3;0.15086901
273;4;0.15105668
273;5;0.15124044
273;6;0.15141925
273;7;0.15159088
273;8;0.1517534
273;9;0.15190452
273;10;0.15204096
273;11;0.15215886
273;12;0.15225437
273;13;0.15232316
273;14;0.15247357
274;1;0.15048781
274;2;0.15067975
274;3;0.15086961
274;4;0.15105662
274;5;0.15124011
274;6;0.15141815
274;7;0.15158984
274;8;0.15175271
274;9;0.15190414
274;10;0.15204129
274;11;0.15216026
274;12;0.15225723
274;13;0.15232761
274;14;0.15245175
275;1;0.15048984
275;2;0.15068099
275;3;0.15087008
275;4;0.15105642
275;5;0.15123937
275;6;0.1514175
275;7;0.15158899
275;8;0.15175185
275;9;0.15190372
275;10;0.15204135
275;11;0.15216142
275;12;0.15225989
275;13;0.15233174
275;14;0.15243009
276;1;0.15049168
276;2;0.150682
276;3;0.15087053
276;4;0.15105629
276;5;0.15123868
276;6;0.1514163
276;7;0.15158802
276;8;0.15175101
276;9;0.15190327
276;10;0.15204152
276;11;0.15216258
276;12;0.15226218
276;13;0.15233612
276;14;0.15240836
277;1;0.15049353
277;2;0.1506829
277;3;0.15087104
277;4;0.15105608
277;5;0.15123807
277;6;0.1514154
277;7;0.15158668
277;8;0.15174976
277;9;0.1519025
277;10;0.15204155
277;11;0.15216342
277;12;0.1522648
277;13;0.15234038
277;14;0.15238698
278;1;0.15049547
278;2;0.15068406
278;3;0.15087117
278;4;0.15105589
278;5;0.15123719
278;6;0.15141416
278;7;0.15158549
278;8;0.15174878
278;9;0.15190151
278;10;0.15204123
278;11;0.15216428
278;12;0.15226662
278;13;0.15234387
278;14;0.15239167
279;1;0.15049723
279;2;0.15068513
279;3;0.15087138
279;4;0.15105546
279;5;0.15123627
279;6;0.1514132
279;7;0.15158409
279;8;0.15174735
279;9;0.15190083
279;10;0.15204108
279;11;0.15216482
279;12;0.15226853
279;13;0.15234789
279;14;0.15239754
280;1;0.15049887
280;2;0.15068609
280;3;0.15087156
280;4;0.15105486
280;5;0.15123534
280;6;0.1514121
280;7;0.15158279
280;8;0.15174618
280;9;0.15189978
280;10;0.15204054
280;11;0.15216541
280;12;0.15227053
280;13;0.15235144
280;14;0.15240303
281;1;0.15050074
281;2;0.15068692
281;3;0.15087157
281;4;0.15105459
281;5;0.1512343
281;6;0.1514107
281;7;0.15158144
281;8;0.15174475
281;9;0.15189867
281;10;0.15204018
281;11;0.15216574
281;12;0.15227225
281;13;0.15235473
281;14;0.15240842
282;1;0.1505022
282;2;0.15068763
282;3;0.15087174
282;4;0.15105402
282;5;0.15123354
282;6;0.15140902
282;7;0.15157962
282;8;0.15174331
282;9;0.15189758
282;10;0.15203953
282;11;0.15216625
282;12;0.15227374
282;13;0.15235764
282;14;0.15241349
283;1;0.15050364
283;2;0.15068847
283;3;0.15087187
283;4;0.15105331
283;5;0.15123236
283;6;0.15140769
283;7;0.15157805
283;8;0.1517419
283;9;0.15189612
283;10;0.15203881
283;11;0.15216622
283;12;0.1522749
283;13;0.15236071
283;14;0.15241855
284;1;0.15050527
284;2;0.15068918
284;3;0.15087184
284;4;0.15105256
284;5;0.15123132
284;6;0.15140635
284;7;0.15157664
284;8;0.15173993
284;9;0.15189478
284;10;0.15203781
284;11;0.1521661
284;12;0.15227619
284;13;0.15236327
284;14;0.15242302
285;1;0.15050668
285;2;0.15068969
285;3;0.15087159
285;4;0.15105206
285;5;0.15123007
285;6;0.15140483
285;7;0.15157482
285;8;0.15173838
285;9;0.15189323
285;10;0.15203694
285;11;0.15216622
285;12;0.15227726
285;13;0.15236598
285;14;0.15242757
286;1;0.1505082
286;2;0.15069026
286;3;0.15087155
286;4;0.15105122
286;5;0.151229
286;6;0.15140317
286;7;0.15157285
286;8;0.15173659
286;9;0.15189168
286;10;0.15203589
286;11;0.15216589
286;12;0.15227798
286;13;0.15236823
286;14;0.152432
287;1;0.15050945
287;2;0.150691
287;3;0.15087141
287;4;0.15105045
287;5;0.15122746
287;6;0.15140137
287;7;0.15157124
287;8;0.15173471
287;9;0.15189013
287;10;0.15203455
287;11;0.15216544
287;12;0.15227886
287;13;0.15237042
287;14;0.15243606
288;1;0.15051106
288;2;0.15069136
288;3;0.15087095
288;4;0.15104954
288;5;0.15122604
288;6;0.15139955
288;7;0.15156922
288;8;0.1517328
288;9;0.15188825
288;10;0.1520333
288;11;0.15216495
288;12;0.15227926
288;13;0.15237239
288;14;0.15243986
289;1;0.15051192
289;2;0.15069187
289;3;0.15087056
289;4;0.15104869
289;5;0.1512247
289;6;0.15139776
289;7;0.15156716
289;8;0.15173069
289;9;0.15188639
289;10;0.15203196
289;11;0.15216434
289;12;0.15227973
289;13;0.1523743
289;14;0.15244372
290;1;0.15051337
290;2;0.15069205
290;3;0.15087038
290;4;0.15104781
290;5;0.15122312
290;6;0.1513961
290;7;0.15156507
290;8;0.15172851
290;9;0.15188453
290;10;0.1520308
290;11;0.15216371
290;12;0.15228012
290;13;0.15237615
290;14;0.15244728
291;1;0.15051429
291;2;0.15069261
291;3;0.15087016
291;4;0.15104672
291;5;0.15122175
291;6;0.15139428
291;7;0.151563
291;8;0.15172622
291;9;0.15188247
291;10;0.15202901
291;11;0.15216261
291;12;0.15228024
291;13;0.15237772
291;14;0.15245067
292;1;0.15051547
292;2;0.15069276
292;3;0.15086958
292;4;0.15104571
292;5;0.15122017
292;6;0.15139213
292;7;0.15156066
292;8;0.15172407
292;9;0.15188041
292;10;0.15202719
292;11;0.15216187
292;12;0.15228027
292;13;0.15237907
292;14;0.15245405
293;1;0.15051651
293;2;0.150693
293;3;0.15086925
293;4;0.15104455
293;5;0.15121853
293;6;0.15139033
293;7;0.15155867
293;8;0.1517219
293;9;0.15187821
293;10;0.15202557
293;11;0.1521606
293;12;0.15228015
293;13;0.15238056
293;14;0.15245667
294;1;0.15051746
294;2;0.15069312
294;3;0.15086871
294;4;0.15104336
294;5;0.15121672
294;6;0.15138817
294;7;0.15155607
294;8;0.15171945
294;9;0.15187585
294;10;0.15202352
294;11;0.15215933
294;12;0.15227997
294;13;0.15238136
294;14;0.15245959
295;1;0.15051821
295;2;0.15069321
295;3;0.15086788
295;4;0.1510422
295;5;0.15121505
295;6;0.15138575
295;7;0.15155363
295;8;0.15171686
295;9;0.15187374
295;10;0.1520218
295;11;0.15215808
295;12;0.15227962
295;13;0.15238234
295;14;0.15246227
296;1;0.15051913
296;2;0.15069345
296;3;0.15086737
296;4;0.15104088
296;5;0.15121336
296;6;0.15138376
296;7;0.15155122
296;8;0.15171437
296;9;0.15187109
296;10;0.15201968
296;11;0.15215665
296;12;0.15227905
296;13;0.15238318
296;14;0.15246457
297;1;0.15052012
297;2;0.15069354
297;3;0.15086687
297;4;0.1510396
297;5;0.15121141
297;6;0.15138142
297;7;0.1515488
297;8;0.15171158
297;9;0.15186858
297;10;0.15201743
297;11;0.15215507
297;12;0.15227821
297;13;0.15238377
297;14;0.15246701
298;1;0.15052086
298;2;0.15069348
298;3;0.15086603
298;4;0.15103811
298;5;0.15120935
298;6;0.1513792
298;7;0.15154618
298;8;0.15170917
298;9;0.15186614
298;10;0.15201515
298;11;0.15215343
298;12;0.15227775
298;13;0.15238422
298;14;0.15246904
299;1;0.15052158
299;2;0.15069354
299;3;0.15086523
299;4;0.15103674
299;5;0.15120763
299;6;0.15137687
299;7;0.15154362
299;8;0.15170625
299;9;0.15186343
299;10;0.15201291
299;11;0.15215164
299;12;0.15227662
299;13;0.15238465
299;14;0.15247104
